	CR1	CR2	MA1	MA2	MM1	MM2
CR1	0	471	471	413	325	340
CR2	471	0	180	232	444	430
MA1	471	180	0	170	404	431
MA2	413	232	170	0	262	363
MM1	325	444	404	262	0	300
MM2	340	430	431	363	300	0
