101Nsremoved_rename_npspace_gb_srt_dist.tab
	CR1	CR2	MA1	MA2	MM1	MM2
CR1	0	86	95	4	91	90
CR2	86	0	44	88	41	36
MA1	95	44	0	97	57	49
MA2	4	88	97	0	93	92
MM1	91	41	57	93	0	53
MM2	90	36	49	92	53	0
102Nsremoved_rename_npspace_gb_modified_srt_dist.tab
	CR1	CR2	MA1	MA2	MM1	MM2
CR1	0	285	269	170	101	163
CR2	285	0	158	279	280	298
MA1	269	158	0	224	268	285
MA2	170	279	224	0	155	162
MM1	101	280	268	155	0	158
MM2	163	298	285	162	158	0
103Nsremoved_rename_npspace_gb_srt_dist.tab
	CR1	CR2	MA1	MA2	MM1	MM2
CR1	0	222	223	175	128	120
CR2	222	0	101	170	220	233
MA1	223	101	0	139	224	234
MA2	175	170	139	0	183	95
MM1	128	220	224	183	0	143
MM2	120	233	234	95	143	0
104Nsremoved_rename_npspace_gb_srt_dist.tab
	CR1	CR2	MA1	MA2	MM1	MM2
CR1	0	254	85	246	83	85
CR2	254	0	246	58	246	246
MA1	85	246	0	236	79	0
MA2	246	58	236	0	238	236
MM1	83	246	79	238	0	79
MM2	85	246	0	236	79	0
105Nsremoved_rename_npspace_gb_srt_dist.tab
	CR1	CR2	MA1	MA2	MM1	MM2
CR1	0	159	37	150	165	150
CR2	159	0	158	52	59	52
MA1	37	158	0	147	162	147
MA2	150	52	147	0	40	0
MM1	165	59	162	40	0	40
MM2	150	52	147	0	40	0
10Nsremoved_rename_npspace_gb_srt_dist.tab
	CR1	CR2	MA1	MA2	MM1	MM2
CR1	0	201	83	222	83	76
CR2	201	0	196	61	196	198
MA1	83	196	0	210	0	83
MA2	222	61	210	0	210	210
MM1	83	196	0	210	0	83
MM2	76	198	83	210	83	0
110Nsremoved_rename_npspace_gb_srt_dist.tab
	CR1	CR2	MA1	MA2	MM1	MM2
CR1	0	293	186	277	164	191
CR2	293	0	261	111	271	279
MA1	186	261	0	285	143	160
MA2	277	111	285	0	303	314
MM1	164	271	143	303	0	146
MM2	191	279	160	314	146	0
111Nsremoved_rename_npspace_gb_srt_dist.tab
	CR1	CR2	MA1	MA2	MM1	MM2
CR1	0	329	116	308	116	155
CR2	329	0	323	74	323	330
MA1	116	323	0	299	0	175
MA2	308	74	299	0	299	308
MM1	116	323	0	299	0	175
MM2	155	330	175	308	175	0
112Nsremoved_rename_npspace_gb_srt_dist.tab
	CR1	CR2	MA1	MA2	MM1	MM2
CR1	0	366	369	250	242	232
CR2	366	0	65	386	387	383
MA1	369	65	0	387	391	387
MA2	250	386	387	0	245	247
MM1	242	387	391	245	0	56
MM2	232	383	387	247	56	0
114Nsremoved_rename_npspace_gb_srt_dist.tab
	CR1	CR2	MA1	MA2	MM1	MM2
CR1	0	64	30	64	30	25
CR2	64	0	58	16	56	57
MA1	30	58	0	60	24	23
MA2	64	16	60	0	60	59
MM1	30	56	24	60	0	23
MM2	25	57	23	59	23	0
115Nsremoved_rename_npspace_gb_srt_dist.tab
	CR1	CR2	MA1	MA2	MM1	MM2
CR1	0	47	251	88	86	88
CR2	47	0	204	103	105	103
MA1	251	204	0	256	249	256
MA2	88	103	256	0	74	0
MM1	86	105	249	74	0	74
MM2	88	103	256	0	74	0
116Nsremoved_rename_npspace_gb_srt_dist.tab
	CR1	CR2	MA1	MA2	MM1	MM2
CR1	0	212	81	194	81	78
CR2	212	0	218	67	218	201
MA1	81	218	0	200	0	85
MA2	194	67	200	0	200	182
MM1	81	218	0	200	0	85
MM2	78	201	85	182	85	0
119Nsremoved_rename_npspace_gb_srt_dist.tab
	CR1	CR2	MA1	MA2	MM1	MM2
CR1	0	201	107	198	88	107
CR2	201	0	205	52	196	205
MA1	107	205	0	201	109	0
MA2	198	52	201	0	197	201
MM1	88	196	109	197	0	109
MM2	107	205	0	201	109	0
120Nsremoved_rename_npspace_gb_srt_dist.tab
	CR1	CR2	MA1	MA2	MM1	MM2
CR1	0	388	227	364	183	183
CR2	388	0	288	144	397	397
MA1	227	288	0	218	165	165
MA2	364	144	218	0	383	383
MM1	183	397	165	383	0	0
MM2	183	397	165	383	0	0
122Nsremoved_rename_npspace_gb_modified_srt_dist.tab
	CR1	CR2	MA1	MA2	MM1	MM2
CR1	0	219	89	218	218	243
CR2	219	0	221	3	3	96
MA1	89	221	0	220	220	244
MA2	218	3	220	0	0	93
MM1	218	3	220	0	0	93
MM2	243	96	244	93	93	0
123Nsremoved_rename_npspace_gb_srt_dist.tab
	CR1	CR2	MA1	MA2	MM1	MM2
CR1	0	211	152	207	109	156
CR2	211	0	231	52	199	223
MA1	152	231	0	211	121	166
MA2	207	52	211	0	187	209
MM1	109	199	121	187	0	153
MM2	156	223	166	209	153	0
124Nsremoved_rename_npspace_gb_srt_dist.tab
	CR1	CR2	MA1	MA2	MM1	MM2
CR1	0	240	117	193	107	117
CR2	240	0	241	178	230	241
MA1	117	241	0	106	96	0
MA2	193	178	106	0	166	106
MM1	107	230	96	166	0	96
MM2	117	241	0	106	96	0
125Nsremoved_rename_npspace_gb_srt_dist.tab
	CR1	CR2	MA1	MA2	MM1	MM2
CR1	0	219	49	205	197	205
CR2	219	0	200	130	104	130
MA1	49	200	0	186	179	186
MA2	205	130	186	0	98	0
MM1	197	104	179	98	0	98
MM2	205	130	186	0	98	0
126Nsremoved_rename_npspace_gb_srt_dist.tab
	CR1	CR2	MA1	MA2	MM1	MM2
CR1	0	342	324	278	156	160
CR2	342	0	137	191	340	321
MA1	324	137	0	93	329	310
MA2	278	191	93	0	285	217
MM1	156	340	329	285	0	161
MM2	160	321	310	217	161	0
128Nsremoved_rename_npspace_gb_srt_dist.tab
	CR1	CR2	MA1	MA2	MM1	MM2
CR1	0	129	129	54	54	61
CR2	129	0	26	127	127	130
MA1	129	26	0	127	127	130
MA2	54	127	127	0	0	63
MM1	54	127	127	0	0	63
MM2	61	130	130	63	63	0
129Nsremoved_rename_npspace_gb_srt_dist.tab
	CR1	CR2	MA1	MA2	MM1	MM2
CR1	0	263	259	60	60	207
CR2	263	0	58	265	265	280
MA1	259	58	0	262	262	280
MA2	60	265	262	0	0	231
MM1	60	265	262	0	0	231
MM2	207	280	280	231	231	0
12Nsremoved_rename_npspace_gb_srt_dist.tab
	CR1	CR2	MA1	MA2	MM1	MM2
CR1	0	315	318	168	168	121
CR2	315	0	53	303	303	292
MA1	318	53	0	304	304	293
MA2	168	303	304	0	0	139
MM1	168	303	304	0	0	139
MM2	121	292	293	139	139	0
131Nsremoved_rename_npspace_gb_srt_dist.tab
	CR1	CR2	MA1	MA2	MM1	MM2
CR1	0	375	153	374	138	149
CR2	375	0	346	73	375	360
MA1	153	346	0	349	146	48
MA2	374	73	349	0	370	365
MM1	138	375	146	370	0	104
MM2	149	360	48	365	104	0
132Nsremoved_rename_npspace_gb_srt_dist.tab
	CR1	CR2	MA1	MA2	MM1	MM2
CR1	0	353	186	353	186	169
CR2	353	0	324	83	324	339
MA1	186	324	0	333	0	184
MA2	353	83	333	0	333	345
MM1	186	324	0	333	0	184
MM2	169	339	184	345	184	0
133Nsremoved_rename_npspace_gb_srt_dist.tab
	CR1	CR2	MA1	MA2	MM1	MM2
CR1	0	290	166	286	166	163
CR2	290	0	299	118	299	294
MA1	166	299	0	298	0	158
MA2	286	118	298	0	298	290
MM1	166	299	0	298	0	158
MM2	163	294	158	290	158	0
134Nsremoved_rename_npspace_gb_srt_dist.tab
	CR1	CR2	MA1	MA2	MM1	MM2
CR1	0	314	11	321	152	36
CR2	314	0	321	80	298	326
MA1	11	321	0	328	149	27
MA2	321	80	328	0	303	333
MM1	152	298	149	303	0	122
MM2	36	326	27	333	122	0
137Nsremoved_rename_npspace_gb_srt_dist.tab
	CR1	CR2	MA1	MA2	MM1	MM2
CR1	0	71	36	111	36	52
CR2	71	0	83	54	83	96
MA1	36	83	0	115	0	58
MA2	111	54	115	0	115	110
MM1	36	83	0	115	0	58
MM2	52	96	58	110	58	0
138Nsremoved_rename_npspace_gb_srt_dist.tab
	CR1	CR2	MA1	MA2	MM1	MM2
CR1	0	292	150	298	298	298
CR2	292	0	295	166	174	166
MA1	150	295	0	297	291	297
MA2	298	166	297	0	96	0
MM1	298	174	291	96	0	96
MM2	298	166	297	0	96	0
139Nsremoved_rename_npspace_gb_srt_dist.tab
	CR1	CR2	MA1	MA2	MM1	MM2
CR1	0	263	158	264	189	158
CR2	263	0	252	68	266	252
MA1	158	252	0	254	216	0
MA2	264	68	254	0	263	254
MM1	189	266	216	263	0	216
MM2	158	252	0	254	216	0
13Nsremoved_rename_npspace_gb_srt_dist.tab
	CR1	CR2	MA1	MA2	MM1	MM2
CR1	0	378	365	96	365	387
CR2	378	0	171	337	171	141
MA1	365	171	0	324	0	153
MA2	96	337	324	0	324	348
MM1	365	171	0	324	0	153
MM2	387	141	153	348	153	0
140Nsremoved_rename_npspace_gb_srt_dist.tab
	CR1	CR2	MA1	MA2	MM1	MM2
CR1	0	301	177	306	178	155
CR2	301	0	300	146	302	304
MA1	177	300	0	302	117	179
MA2	306	146	302	0	309	311
MM1	178	302	117	309	0	127
MM2	155	304	179	311	127	0
141Nsremoved_rename_npspace_gb_srt_dist.tab
	CR1	CR2	MA1	MA2	MM1	MM2
CR1	0	144	218	49	217	236
CR2	144	0	152	167	124	166
MA1	218	152	0	215	118	128
MA2	49	167	215	0	217	233
MM1	217	124	118	217	0	139
MM2	236	166	128	233	139	0
142Nsremoved_rename_npspace_gb_srt_dist.tab
	CR1	CR2	MA1	MA2	MM1	MM2
CR1	0	182	82	169	82	84
CR2	182	0	190	41	190	188
MA1	82	190	0	177	0	102
MA2	169	41	177	0	177	173
MM1	82	190	0	177	0	102
MM2	84	188	102	173	102	0
143Nsremoved_rename_npspace_gb_srt_dist.tab
	CR1	CR2	MA1	MA2	MM1	MM2
CR1	0	229	109	217	124	109
CR2	229	0	212	76	213	212
MA1	109	212	0	204	100	0
MA2	217	76	204	0	207	204
MM1	124	213	100	207	0	100
MM2	109	212	0	204	100	0
144Nsremoved_rename_npspace_gb_modified_srt_dist.tab
	CR1	CR2	MA1	MA2	MM1	MM2
CR1	0	325	316	143	302	309
CR2	325	0	218	347	222	245
MA1	316	218	0	340	188	154
MA2	143	347	340	0	318	329
MM1	302	222	188	318	0	212
MM2	309	245	154	329	212	0
146Nsremoved_rename_npspace_gb_modified_srt_dist.tab
	CR1	CR2	MA1	MA2	MM1	MM2
CR1	0	141	222	75	215	213
CR2	141	0	161	132	143	148
MA1	222	161	0	229	95	95
MA2	75	132	229	0	215	216
MM1	215	143	95	215	0	90
MM2	213	148	95	216	90	0
147Nsremoved_rename_npspace_gb_srt_dist.tab
	CR1	CR2	MA1	MA2	MM1	MM2
CR1	0	251	245	52	245	252
CR2	251	0	63	234	63	79
MA1	245	63	0	228	0	68
MA2	52	234	228	0	228	233
MM1	245	63	0	228	0	68
MM2	252	79	68	233	68	0
148Nsremoved_rename_npspace_gb_modified_srt_dist.tab
	CR1	CR2	MA1	MA2	MM1	MM2
CR1	0	331	168	338	162	189
CR2	331	0	324	116	326	341
MA1	168	324	0	318	16	181
MA2	338	116	318	0	334	347
MM1	162	326	16	334	0	165
MM2	189	341	181	347	165	0
149Nsremoved_rename_npspace_gb_srt_dist.tab
	CR1	CR2	MA1	MA2	MM1	MM2
CR1	0	228	128	241	113	106
CR2	228	0	235	67	242	238
MA1	128	235	0	212	134	120
MA2	241	67	212	0	252	246
MM1	113	242	134	252	0	98
MM2	106	238	120	246	98	0
14Nsremoved_rename_npspace_gb_modified_srt_dist.tab
	CR1	CR2	MA1	MA2	MM1	MM2
CR1	0	283	102	280	102	158
CR2	283	0	265	94	265	279
MA1	102	265	0	259	0	142
MA2	280	94	259	0	259	270
MM1	102	265	0	259	0	142
MM2	158	279	142	270	142	0
154Nsremoved_rename_npspace_gb_srt_dist.tab
	CR1	CR2	MA1	MA2	MM1	MM2
CR1	0	157	149	75	54	48
CR2	157	0	11	132	133	141
MA1	149	11	0	126	127	135
MA2	75	132	126	0	53	37
MM1	54	133	127	53	0	24
MM2	48	141	135	37	24	0
156Nsremoved_rename_npspace_gb_srt_dist.tab
	CR1	CR2	MA1	MA2	MM1	MM2
CR1	0	307	281	28	316	281
CR2	307	0	176	312	180	176
MA1	281	176	0	286	170	0
MA2	28	312	286	0	321	286
MM1	316	180	170	321	0	170
MM2	281	176	0	286	170	0
159Nsremoved_rename_npspace_gb_srt_dist.tab
	CR1	CR2	MA1	MA2	MM1	MM2
CR1	0	284	59	266	260	261
CR2	284	0	285	154	182	169
MA1	59	285	0	273	257	264
MA2	266	154	273	0	146	148
MM1	260	182	257	146	0	157
MM2	261	169	264	148	157	0
15Nsremoved_rename_npspace_gb_srt_dist.tab
	CR1	CR2	MA1	MA2	MM1	MM2
CR1	0	80	211	119	55	126
CR2	80	0	154	169	110	175
MA1	211	154	0	206	220	257
MA2	119	169	206	0	110	136
MM1	55	110	220	110	0	108
MM2	126	175	257	136	108	0
160Nsremoved_rename_npspace_gb_modified_srt_dist.tab
	CR1	CR2	MA1	MA2	MM1	MM2
CR1	0	85	56	23	23	27
CR2	85	0	37	90	90	89
MA1	56	37	0	61	61	63
MA2	23	90	61	0	0	26
MM1	23	90	61	0	0	26
MM2	27	89	63	26	26	0
161Nsremoved_rename_npspace_gb_srt_dist.tab
	CR1	CR2	MA1	MA2	MM1	MM2
CR1	0	371	384	160	386	391
CR2	371	0	191	393	123	187
MA1	384	191	0	401	204	206
MA2	160	393	401	0	409	415
MM1	386	123	204	409	0	228
MM2	391	187	206	415	228	0
165Nsremoved_rename_npspace_gb_srt_dist.tab
	CR1	CR2	MA1	MA2	MM1	MM2
CR1	0	311	155	311	312	307
CR2	311	0	311	0	150	197
MA1	155	311	0	311	307	322
MA2	311	0	311	0	150	197
MM1	312	150	307	150	0	190
MM2	307	197	322	197	190	0
167Nsremoved_rename_npspace_gb_srt_dist.tab
	CR1	CR2	MA1	MA2	MM1	MM2
CR1	0	300	0	297	106	0
CR2	300	0	300	55	303	300
MA1	0	300	0	297	106	0
MA2	297	55	297	0	300	297
MM1	106	303	106	300	0	106
MM2	0	300	0	297	106	0
168Nsremoved_rename_npspace_gb_srt_dist.tab
	CR1	CR2	MA1	MA2	MM1	MM2
CR1	0	305	207	307	189	228
CR2	305	0	294	99	296	319
MA1	207	294	0	297	207	203
MA2	307	99	297	0	300	317
MM1	189	296	207	300	0	230
MM2	228	319	203	317	230	0
170Nsremoved_rename_npspace_gb_srt_dist.tab
	CR1	CR2	MA1	MA2	MM1	MM2
CR1	0	211	211	103	118	100
CR2	211	0	80	228	221	227
MA1	211	80	0	224	218	221
MA2	103	228	224	0	129	91
MM1	118	221	218	129	0	138
MM2	100	227	221	91	138	0
172Nsremoved_rename_npspace_gb_srt_dist.tab
	CR1	CR2	MA1	MA2	MM1	MM2
CR1	0	288	162	279	162	141
CR2	288	0	282	107	282	281
MA1	162	282	0	281	0	178
MA2	279	107	281	0	281	276
MM1	162	282	0	281	0	178
MM2	141	281	178	276	178	0
173Nsremoved_rename_npspace_gb_srt_dist.tab
	CR1	CR2	MA1	MA2	MM1	MM2
CR1	0	229	113	234	113	108
CR2	229	0	220	65	220	231
MA1	113	220	0	223	0	103
MA2	234	65	223	0	223	234
MM1	113	220	0	223	0	103
MM2	108	231	103	234	103	0
174Nsremoved_rename_npspace_gb_srt_dist.tab
	CR1	CR2	MA1	MA2	MM1	MM2
CR1	0	157	163	47	157	163
CR2	157	0	71	156	0	71
MA1	163	71	0	160	71	0
MA2	47	156	160	0	156	160
MM1	157	0	71	156	0	71
MM2	163	71	0	160	71	0
175Nsremoved_rename_npspace_gb_srt_dist.tab
	CR1	CR2	MA1	MA2	MM1	MM2
CR1	0	20	270	126	111	126
CR2	20	0	284	120	103	120
MA1	270	284	0	271	287	271
MA2	126	120	271	0	104	0
MM1	111	103	287	104	0	104
MM2	126	120	271	0	104	0
176Nsremoved_rename_npspace_gb_srt_dist.tab
	CR1	CR2	MA1	MA2	MM1	MM2
CR1	0	8	174	198	200	216
CR2	8	0	182	206	192	208
MA1	174	182	0	243	247	263
MA2	198	206	243	0	134	20
MM1	200	192	247	134	0	114
MM2	216	208	263	20	114	0
177Nsremoved_rename_npspace_gb_srt_dist.tab
	CR1	CR2	MA1	MA2	MM1	MM2
CR1	0	165	178	161	142	161
CR2	165	0	36	243	229	243
MA1	178	36	0	236	222	236
MA2	161	243	236	0	116	0
MM1	142	229	222	116	0	116
MM2	161	243	236	0	116	0
178Nsremoved_rename_npspace_gb_srt_dist.tab
	CR1	CR2	MA1	MA2	MM1	MM2
CR1	0	445	192	465	260	245
CR2	445	0	437	149	447	446
MA1	192	437	0	463	282	311
MA2	465	149	463	0	475	469
MM1	260	447	282	475	0	223
MM2	245	446	311	469	223	0
179Nsremoved_rename_npspace_gb_srt_dist.tab
	CR1	CR2	MA1	MA2	MM1	MM2
CR1	0	285	151	276	151	137
CR2	285	0	292	65	292	275
MA1	151	292	0	279	0	127
MA2	276	65	279	0	279	266
MM1	151	292	0	279	0	127
MM2	137	275	127	266	127	0
180Nsremoved_rename_npspace_gb_srt_dist.tab
	CR1	CR2	MA1	MA2	MM1	MM2
CR1	0	554	239	354	239	240
CR2	554	0	581	454	581	582
MA1	239	581	0	167	0	1
MA2	354	454	167	0	167	168
MM1	239	581	0	167	0	1
MM2	240	582	1	168	1	0
181Nsremoved_rename_npspace_gb_srt_dist.tab
	CR1	CR2	MA1	MA2	MM1	MM2
CR1	0	272	275	120	0	129
CR2	272	0	55	259	272	267
MA1	275	55	0	261	275	267
MA2	120	259	261	0	120	120
MM1	0	272	275	120	0	129
MM2	129	267	267	120	129	0
183Nsremoved_rename_npspace_gb_srt_dist.tab
	CR1	CR2	MA1	MA2	MM1	MM2
CR1	0	138	148	32	148	140
CR2	138	0	61	143	61	16
MA1	148	61	0	153	0	57
MA2	32	143	153	0	153	145
MM1	148	61	0	153	0	57
MM2	140	16	57	145	57	0
184Nsremoved_rename_npspace_gb_srt_dist.tab
	CR1	CR2	MA1	MA2	MM1	MM2
CR1	0	95	56	88	3003	2994
CR2	95	0	88	39	2998	2989
MA1	56	88	0	82	3002	2993
MA2	88	39	82	0	3005	2996
MM1	3003	2998	3002	3005	0	50
MM2	2994	2989	2993	2996	50	0
186Nsremoved_rename_npspace_gb_srt_dist.tab
	CR1	CR2	MA1	MA2	MM1	MM2
CR1	0	220	73	226	73	61
CR2	220	0	223	32	223	214
MA1	73	223	0	229	0	66
MA2	226	32	229	0	229	220
MM1	73	223	0	229	0	66
MM2	61	214	66	220	66	0
187Nsremoved_rename_npspace_gb_srt_dist.tab
	CR1	CR2	MA1	MA2	MM1	MM2
CR1	0	292	282	139	164	154
CR2	292	0	87	288	298	290
MA1	282	87	0	278	288	276
MA2	139	288	278	0	153	160
MM1	164	298	288	153	0	160
MM2	154	290	276	160	160	0
188Nsremoved_rename_npspace_gb_srt_dist.tab
	CR1	CR2	MA1	MA2	MM1	MM2
CR1	0	110	169	169	169	177
CR2	110	0	253	129	129	104
MA1	169	253	0	241	241	270
MA2	169	129	241	0	0	139
MM1	169	129	241	0	0	139
MM2	177	104	270	139	139	0
189Nsremoved_rename_npspace_gb_modified_srt_dist.tab
	CR1	CR2	MA1	MA2	MM1	MM2
CR1	0	161	82	162	82	60
CR2	161	0	159	41	159	164
MA1	82	159	0	154	0	75
MA2	162	41	154	0	154	165
MM1	82	159	0	154	0	75
MM2	60	164	75	165	75	0
18Nsremoved_rename_npspace_gb_srt_dist.tab
	CR1	CR2	MA1	MA2	MM1	MM2
CR1	0	228	87	233	96	87
CR2	228	0	236	85	243	236
MA1	87	236	0	242	97	0
MA2	233	85	242	0	245	242
MM1	96	243	97	245	0	97
MM2	87	236	0	242	97	0
196Nsremoved_rename_npspace_gb_srt_dist.tab
	CR1	CR2	MA1	MA2	MM1	MM2
CR1	0	57	16	62	1858	1870
CR2	57	0	55	20	1867	1879
MA1	16	55	0	60	1859	1870
MA2	62	20	60	0	1873	1885
MM1	1858	1867	1859	1873	0	46
MM2	1870	1879	1870	1885	46	0
197Nsremoved_rename_npspace_gb_srt_dist.tab
	CR1	CR2	MA1	MA2	MM1	MM2
CR1	0	203	206	84	103	84
CR2	203	0	100	199	217	199
MA1	206	100	0	198	215	198
MA2	84	199	198	0	123	0
MM1	103	217	215	123	0	123
MM2	84	199	198	0	123	0
198Nsremoved_rename_npspace_gb_srt_dist.tab
	CR1	CR2	MA1	MA2	MM1	MM2
CR1	0	195	83	194	52	83
CR2	195	0	207	25	193	207
MA1	83	207	0	206	63	0
MA2	194	25	206	0	194	206
MM1	52	193	63	194	0	63
MM2	83	207	0	206	63	0
199Nsremoved_rename_npspace_gb_srt_dist.tab
	CR1	CR2	MA1	MA2	MM1	MM2
CR1	0	310	309	139	169	141
CR2	310	0	81	322	323	325
MA1	309	81	0	319	320	324
MA2	139	322	319	0	166	161
MM1	169	323	320	166	0	161
MM2	141	325	324	161	161	0
201Nsremoved_rename_npspace_gb_modified_srt_dist.tab
	CR1	CR2	MA1	MA2	MM1	MM2
CR1	0	176	63	180	63	84
CR2	176	0	185	62	185	180
MA1	63	185	0	193	0	77
MA2	180	62	193	0	193	186
MM1	63	185	0	193	0	77
MM2	84	180	77	186	77	0
203Nsremoved_rename_npspace_gb_srt_dist.tab
	CR1	CR2	MA1	MA2	MM1	MM2
CR1	0	151	151	42	149	151
CR2	151	0	0	150	34	0
MA1	151	0	0	150	34	0
MA2	42	150	150	0	149	150
MM1	149	34	34	149	0	34
MM2	151	0	0	150	34	0
204Nsremoved_rename_npspace_gb_srt_dist.tab
	CR1	CR2	MA1	MA2	MM1	MM2
CR1	0	247	225	88	236	244
CR2	247	0	157	247	162	141
MA1	225	157	0	232	140	150
MA2	88	247	232	0	238	241
MM1	236	162	140	238	0	128
MM2	244	141	150	241	128	0
205Nsremoved_rename_npspace_gb_modified_srt_dist.tab
	CR1	CR2	MA1	MA2	MM1	MM2
CR1	0	96	99	89	69	59
CR2	96	0	5	101	94	90
MA1	99	5	0	104	97	93
MA2	89	101	104	0	50	46
MM1	69	94	97	50	0	14
MM2	59	90	93	46	14	0
206Nsremoved_rename_npspace_gb_srt_dist.tab
	CR1	CR2	MA1	MA2	MM1	MM2
CR1	0	93	237	131	256	193
CR2	93	0	264	38	281	260
MA1	237	264	0	270	136	121
MA2	131	38	270	0	288	263
MM1	256	281	136	288	0	133
MM2	193	260	121	263	133	0
207Nsremoved_rename_npspace_gb_srt_dist.tab
	CR1	CR2	MA1	MA2	MM1	MM2
CR1	0	102	108	65	0	65
CR2	102	0	38	111	102	111
MA1	108	38	0	111	108	111
MA2	65	111	111	0	65	0
MM1	0	102	108	65	0	65
MM2	65	111	111	0	65	0
208Nsremoved_rename_npspace_gb_modified_srt_dist.tab
	CR1	CR2	MA1	MA2	MM1	MM2
CR1	0	70	33	74	36	31
CR2	70	0	70	18	66	55
MA1	33	70	0	74	34	45
MA2	74	18	74	0	70	59
MM1	36	66	34	70	0	47
MM2	31	55	45	59	47	0
209Nsremoved_rename_npspace_gb_srt_dist.tab
	CR1	CR2	MA1	MA2	MM1	MM2
CR1	0	219	222	65	65	75
CR2	219	0	50	210	210	206
MA1	222	50	0	213	213	209
MA2	65	210	213	0	0	80
MM1	65	210	213	0	0	80
MM2	75	206	209	80	80	0
20Nsremoved_rename_npspace_gb_srt_dist.tab
	CR1	CR2	MA1	MA2	MM1	MM2
CR1	0	191	91	188	91	112
CR2	191	0	187	58	187	185
MA1	91	187	0	184	0	100
MA2	188	58	184	0	184	184
MM1	91	187	0	184	0	100
MM2	112	185	100	184	100	0
210Nsremoved_rename_npspace_gb_srt_dist.tab
	CR1	CR2	MA1	MA2	MM1	MM2
CR1	0	45	39	17	17	10
CR2	45	0	16	46	46	45
MA1	39	16	0	34	34	37
MA2	17	46	34	0	0	15
MM1	17	46	34	0	0	15
MM2	10	45	37	15	15	0
211Nsremoved_rename_npspace_gb_srt_dist.tab
	CR1	CR2	MA1	MA2	MM1	MM2
CR1	0	294	132	291	119	123
CR2	294	0	256	89	289	287
MA1	132	256	0	233	142	130
MA2	291	89	233	0	288	284
MM1	119	289	142	288	0	113
MM2	123	287	130	284	113	0
212Nsremoved_rename_npspace_gb_srt_dist.tab
	CR1	CR2	MA1	MA2	MM1	MM2
CR1	0	254	195	188	158	130
CR2	254	0	127	121	237	228
MA1	195	127	0	180	179	162
MA2	188	121	180	0	202	175
MM1	158	237	179	202	0	132
MM2	130	228	162	175	132	0
213Nsremoved_rename_npspace_gb_srt_dist.tab
	CR1	CR2	MA1	MA2	MM1	MM2
CR1	0	529	298	549	299	335
CR2	529	0	510	138	511	516
MA1	298	510	0	520	1	320
MA2	549	138	520	0	521	527
MM1	299	511	1	521	0	319
MM2	335	516	320	527	319	0
216Nsremoved_rename_npspace_gb_srt_dist.tab
	CR1	CR2	MA1	MA2	MM1	MM2
CR1	0	135	99	189	200	158
CR2	135	0	178	84	267	230
MA1	99	178	0	133	204	147
MA2	189	84	133	0	271	242
MM1	200	267	204	271	0	213
MM2	158	230	147	242	213	0
217Nsremoved_rename_npspace_gb_srt_dist.tab
	CR1	CR2	MA1	MA2	MM1	MM2
CR1	0	273	48	266	141	48
CR2	273	0	262	86	255	262
MA1	48	262	0	259	138	0
MA2	266	86	259	0	250	259
MM1	141	255	138	250	0	138
MM2	48	262	0	259	138	0
218Nsremoved_rename_npspace_gb_srt_dist.tab
	CR1	CR2	MA1	MA2	MM1	MM2
CR1	0	298	283	74	301	287
CR2	298	0	73	299	116	134
MA1	283	73	0	276	127	131
MA2	74	299	276	0	294	282
MM1	301	116	127	294	0	132
MM2	287	134	131	282	132	0
220Nsremoved_rename_npspace_gb_srt_dist.tab
	CR1	CR2	MA1	MA2	MM1	MM2
CR1	0	307	0	305	0	123
CR2	307	0	307	73	307	302
MA1	0	307	0	305	0	123
MA2	305	73	305	0	305	301
MM1	0	307	0	305	0	123
MM2	123	302	123	301	123	0
222Nsremoved_rename_npspace_gb_srt_dist.tab
	CR1	CR2	MA1	MA2	MM1	MM2
CR1	0	156	162	0	162	156
CR2	156	0	95	156	95	97
MA1	162	95	0	162	0	107
MA2	0	156	162	0	162	156
MM1	162	95	0	162	0	107
MM2	156	97	107	156	107	0
223Nsremoved_rename_npspace_gb_srt_dist.tab
	CR1	CR2	MA1	MA2	MM1	MM2
CR1	0	288	141	280	163	139
CR2	288	0	272	111	290	264
MA1	141	272	0	266	156	113
MA2	280	111	266	0	279	262
MM1	163	290	156	279	0	148
MM2	139	264	113	262	148	0
224Nsremoved_rename_npspace_gb_modified_srt_dist.tab
	CR1	CR2	MA1	MA2	MM1	MM2
CR1	0	195	209	125	148	125
CR2	195	0	72	198	192	198
MA1	209	72	0	210	198	210
MA2	125	198	210	0	159	0
MM1	148	192	198	159	0	159
MM2	125	198	210	0	159	0
227Nsremoved_rename_npspace_gb_srt_dist.tab
	CR1	CR2	MA1	MA2	MM1	MM2
CR1	0	267	283	0	146	136
CR2	267	0	59	267	274	273
MA1	283	59	0	283	291	289
MA2	0	267	283	0	146	136
MM1	146	274	291	146	0	101
MM2	136	273	289	136	101	0
228Nsremoved_rename_npspace_gb_srt_dist.tab
	CR1	CR2	MA1	MA2	MM1	MM2
CR1	0	244	101	242	116	101
CR2	244	0	245	83	238	245
MA1	101	245	0	241	101	0
MA2	242	83	241	0	236	241
MM1	116	238	101	236	0	101
MM2	101	245	0	241	101	0
231Nsremoved_rename_npspace_gb_srt_dist.tab
	CR1	CR2	MA1	MA2	MM1	MM2
CR1	0	196	203	204	38	118
CR2	196	0	55	53	189	185
MA1	203	55	0	4	194	191
MA2	204	53	4	0	195	190
MM1	38	189	194	195	0	116
MM2	118	185	191	190	116	0
232Nsremoved_rename_npspace_gb_srt_dist.tab
	CR1	CR2	MA1	MA2	MM1	MM2
CR1	0	294	188	312	188	121
CR2	294	0	293	161	293	304
MA1	188	293	0	303	0	169
MA2	312	161	303	0	303	312
MM1	188	293	0	303	0	169
MM2	121	304	169	312	169	0
233Nsremoved_rename_npspace_gb_srt_dist.tab
	CR1	CR2	MA1	MA2	MM1	MM2
CR1	0	247	96	241	37	96
CR2	247	0	236	46	245	236
MA1	96	236	0	230	97	0
MA2	241	46	230	0	239	230
MM1	37	245	97	239	0	97
MM2	96	236	0	230	97	0
235Nsremoved_rename_npspace_gb_srt_dist.tab
	CR1	CR2	MA1	MA2	MM1	MM2
CR1	0	360	346	207	171	137
CR2	360	0	98	341	349	372
MA1	346	98	0	340	338	360
MA2	207	341	340	0	210	224
MM1	171	349	338	210	0	160
MM2	137	372	360	224	160	0
237Nsremoved_rename_npspace_gb_srt_dist.tab
	CR1	CR2	MA1	MA2	MM1	MM2
CR1	0	234	77	238	233	230
CR2	234	0	228	74	91	74
MA1	77	228	0	244	229	225
MA2	238	74	244	0	95	87
MM1	233	91	229	95	0	87
MM2	230	74	225	87	87	0
239Nsremoved_rename_npspace_gb_srt_dist.tab
	CR1	CR2	MA1	MA2	MM1	MM2
CR1	0	365	180	352	190	155
CR2	365	0	379	133	387	366
MA1	180	379	0	365	191	169
MA2	352	133	365	0	374	353
MM1	190	387	191	374	0	147
MM2	155	366	169	353	147	0
23Nsremoved_rename_npspace_gb_srt_dist.tab
	CR1	CR2	MA1	MA2	MM1	MM2
CR1	0	351	214	365	179	197
CR2	351	0	339	142	338	349
MA1	214	339	0	346	207	223
MA2	365	142	346	0	346	354
MM1	179	338	207	346	0	210
MM2	197	349	223	354	210	0
240Nsremoved_rename_npspace_gb_srt_dist.tab
	CR1	CR2	MA1	MA2	MM1	MM2
CR1	0	248	124	241	148	151
CR2	248	0	227	68	240	262
MA1	124	227	0	222	130	139
MA2	241	68	222	0	234	259
MM1	148	240	130	234	0	148
MM2	151	262	139	259	148	0
242Nsremoved_rename_npspace_gb_srt_dist.tab
	CR1	CR2	MA1	MA2	MM1	MM2
CR1	0	612	602	397	346	379
CR2	612	0	201	607	593	608
MA1	602	201	0	617	600	613
MA2	397	607	617	0	418	409
MM1	346	593	600	418	0	327
MM2	379	608	613	409	327	0
243Nsremoved_rename_npspace_gb_srt_dist.tab
	CR1	CR2	MA1	MA2	MM1	MM2
CR1	0	291	172	288	172	175
CR2	291	0	286	86	286	278
MA1	172	286	0	292	0	45
MA2	288	86	292	0	292	284
MM1	172	286	0	292	0	45
MM2	175	278	45	284	45	0
245Nsremoved_rename_npspace_gb_srt_dist.tab
	CR1	CR2	MA1	MA2	MM1	MM2
CR1	0	235	254	149	142	149
CR2	235	0	87	252	248	252
MA1	254	87	0	257	263	257
MA2	149	252	257	0	133	0
MM1	142	248	263	133	0	133
MM2	149	252	257	0	133	0
246Nsremoved_rename_npspace_gb_srt_dist.tab
	CR1	CR2	MA1	MA2	MM1	MM2
CR1	0	492	264	483	246	264
CR2	492	0	473	163	480	473
MA1	264	473	0	422	306	0
MA2	483	163	422	0	500	422
MM1	246	480	306	500	0	306
MM2	264	473	0	422	306	0
247Nsremoved_rename_npspace_gb_srt_dist.tab
	CR1	CR2	MA1	MA2	MM1	MM2
CR1	0	267	245	47	274	255
CR2	267	0	95	258	122	107
MA1	245	95	0	239	95	87
MA2	47	258	239	0	266	246
MM1	274	122	95	266	0	100
MM2	255	107	87	246	100	0
248Nsremoved_rename_npspace_gb_srt_dist.tab
	CR1	CR2	MA1	MA2	MM1	MM2
CR1	0	209	93	231	99	93
CR2	209	0	202	79	215	202
MA1	93	202	0	229	84	0
MA2	231	79	229	0	238	229
MM1	99	215	84	238	0	84
MM2	93	202	0	229	84	0
249Nsremoved_rename_npspace_gb_modified_srt_dist.tab
	CR1	CR2	MA1	MA2	MM1	MM2
CR1	0	156	166	65	166	166
CR2	156	0	102	161	88	102
MA1	166	102	0	171	102	0
MA2	65	161	171	0	168	171
MM1	166	88	102	168	0	102
MM2	166	102	0	171	102	0
250Nsremoved_rename_npspace_gb_srt_dist.tab
	CR1	CR2	MA1	MA2	MM1	MM2
CR1	0	60	112	281	112	119
CR2	60	0	124	261	124	127
MA1	112	124	0	283	18	103
MA2	281	261	283	0	283	291
MM1	112	124	18	283	0	85
MM2	119	127	103	291	85	0
251Nsremoved_rename_npspace_gb_srt_dist.tab
	CR1	CR2	MA1	MA2	MM1	MM2
CR1	0	262	145	272	155	150
CR2	262	0	284	82	291	290
MA1	145	284	0	297	127	133
MA2	272	82	297	0	304	304
MM1	155	291	127	304	0	85
MM2	150	290	133	304	85	0
252Nsremoved_rename_npspace_gb_modified_srt_dist.tab
	CR1	CR2	MA1	MA2	MM1	MM2
CR1	0	100	29	98	109	108
CR2	100	0	95	66	85	66
MA1	29	95	0	93	104	103
MA2	98	66	93	0	69	65
MM1	109	85	104	69	0	78
MM2	108	66	103	65	78	0
253Nsremoved_rename_npspace_gb_srt_dist.tab
	CR1	CR2	MA1	MA2	MM1	MM2
CR1	0	152	141	55	143	142
CR2	152	0	88	159	82	81
MA1	141	88	0	146	80	79
MA2	55	159	146	0	146	145
MM1	143	82	80	146	0	1
MM2	142	81	79	145	1	0
256Nsremoved_rename_npspace_gb_srt_dist.tab
	CR1	CR2	MA1	MA2	MM1	MM2
CR1	0	174	71	177	61	71
CR2	174	0	179	21	183	179
MA1	71	179	0	182	84	0
MA2	177	21	182	0	186	182
MM1	61	183	84	186	0	84
MM2	71	179	0	182	84	0
257Nsremoved_rename_npspace_gb_srt_dist.tab
	CR1	CR2	MA1	MA2	MM1	MM2
CR1	0	202	152	180	148	152
CR2	202	0	150	118	166	150
MA1	152	150	0	195	123	0
MA2	180	118	195	0	202	195
MM1	148	166	123	202	0	123
MM2	152	150	0	195	123	0
258Nsremoved_rename_npspace_gb_srt_dist.tab
	CR1	CR2	MA1	MA2	MM1	MM2
CR1	0	324	325	156	139	0
CR2	324	0	56	315	307	324
MA1	325	56	0	317	306	325
MA2	156	315	317	0	147	156
MM1	139	307	306	147	0	139
MM2	0	324	325	156	139	0
259Nsremoved_rename_npspace_gb_modified_srt_dist.tab
	CR1	CR2	MA1	MA2	MM1	MM2
CR1	0	288	260	161	149	199
CR2	288	0	136	283	291	298
MA1	260	136	0	237	272	271
MA2	161	283	237	0	209	215
MM1	149	291	272	209	0	162
MM2	199	298	271	215	162	0
25Nsremoved_rename_npspace_gb_srt_dist.tab
	CR1	CR2	MA1	MA2	MM1	MM2
CR1	0	0	118	412	425	412
CR2	0	0	118	412	425	412
MA1	118	118	0	446	448	446
MA2	412	412	446	0	209	0
MM1	425	425	448	209	0	209
MM2	412	412	446	0	209	0
261Nsremoved_rename_npspace_gb_srt_dist.tab
	CR1	CR2	MA1	MA2	MM1	MM2
CR1	0	146	77	138	78	78
CR2	146	0	122	75	129	136
MA1	77	122	0	116	7	89
MA2	138	75	116	0	123	132
MM1	78	129	7	123	0	90
MM2	78	136	89	132	90	0
262Nsremoved_rename_npspace_gb_srt_dist.tab
	CR1	CR2	MA1	MA2	MM1	MM2
CR1	0	149	62	153	55	62
CR2	149	0	159	54	153	159
MA1	62	159	0	162	63	0
MA2	153	54	162	0	154	162
MM1	55	153	63	154	0	63
MM2	62	159	0	162	63	0
264Nsremoved_rename_npspace_gb_srt_dist.tab
	CR1	CR2	MA1	MA2	MM1	MM2
CR1	0	146	47	133	47	52
CR2	146	0	144	25	144	145
MA1	47	144	0	131	0	54
MA2	133	25	131	0	131	132
MM1	47	144	0	131	0	54
MM2	52	145	54	132	54	0
265Nsremoved_rename_npspace_gb_srt_dist.tab
	CR1	CR2	MA1	MA2	MM1	MM2
CR1	0	131	158	249	125	122
CR2	131	0	186	124	191	162
MA1	158	186	0	246	161	78
MA2	249	124	246	0	234	242
MM1	125	191	161	234	0	143
MM2	122	162	78	242	143	0
266Nsremoved_rename_npspace_gb_srt_dist.tab
	CR1	CR2	MA1	MA2	MM1	MM2
CR1	0	210	215	50	227	215
CR2	210	0	23	231	63	23
MA1	215	23	0	236	68	0
MA2	50	231	236	0	248	236
MM1	227	63	68	248	0	68
MM2	215	23	0	236	68	0
267Nsremoved_rename_npspace_gb_srt_dist.tab
	CR1	CR2	MA1	MA2	MM1	MM2
CR1	0	412	439	202	193	184
CR2	412	0	54	427	427	426
MA1	439	54	0	450	452	449
MA2	202	427	450	0	190	78
MM1	193	427	452	190	0	190
MM2	184	426	449	78	190	0
268Nsremoved_rename_npspace_gb_srt_dist.tab
	CR1	CR2	MA1	MA2	MM1	MM2
CR1	0	85	42	90	42	33
CR2	85	0	88	27	88	81
MA1	42	88	0	93	0	33
MA2	90	27	93	0	93	86
MM1	42	88	0	93	0	33
MM2	33	81	33	86	33	0
270Nsremoved_rename_npspace_gb_srt_dist.tab
	CR1	CR2	MA1	MA2	MM1	MM2
CR1	0	121	39	124	59	39
CR2	121	0	127	32	126	127
MA1	39	127	0	128	52	0
MA2	124	32	128	0	127	128
MM1	59	126	52	127	0	52
MM2	39	127	0	128	52	0
273Nsremoved_rename_npspace_gb_srt_dist.tab
	CR1	CR2	MA1	MA2	MM1	MM2
CR1	0	214	95	212	95	85
CR2	214	0	214	40	214	184
MA1	95	214	0	201	0	80
MA2	212	40	201	0	201	184
MM1	95	214	0	201	0	80
MM2	85	184	80	184	80	0
275Nsremoved_rename_npspace_gb_srt_dist.tab
	CR1	CR2	MA1	MA2	MM1	MM2
CR1	0	286	156	286	149	156
CR2	286	0	290	0	284	290
MA1	156	290	0	290	165	0
MA2	286	0	290	0	284	290
MM1	149	284	165	284	0	165
MM2	156	290	0	290	165	0
276Nsremoved_rename_npspace_gb_modified_srt_dist.tab
	CR1	CR2	MA1	MA2	MM1	MM2
CR1	0	102	109	13	109	113
CR2	102	0	25	102	25	24
MA1	109	25	0	109	0	29
MA2	13	102	109	0	109	113
MM1	109	25	0	109	0	29
MM2	113	24	29	113	29	0
277Nsremoved_rename_npspace_gb_srt_dist.tab
	CR1	CR2	MA1	MA2	MM1	MM2
CR1	0	183	16	183	69	16
CR2	183	0	187	48	186	187
MA1	16	187	0	185	73	0
MA2	183	48	185	0	182	185
MM1	69	186	73	182	0	73
MM2	16	187	0	185	73	0
278Nsremoved_rename_npspace_gb_srt_dist.tab
	CR1	CR2	MA1	MA2	MM1	MM2
CR1	0	339	278	286	194	193
CR2	339	0	227	194	331	321
MA1	278	227	0	129	287	259
MA2	286	194	129	0	281	264
MM1	194	331	287	281	0	187
MM2	193	321	259	264	187	0
279Nsremoved_rename_npspace_gb_modified_srt_dist.tab
	CR1	CR2	MA1	MA2	MM1	MM2
CR1	0	264	264	93	254	248
CR2	264	0	155	277	125	138
MA1	264	155	0	279	130	153
MA2	93	277	279	0	265	269
MM1	254	125	130	265	0	150
MM2	248	138	153	269	150	0
27Nsremoved_rename_npspace_gb_srt_dist.tab
	CR1	CR2	MA1	MA2	MM1	MM2
CR1	0	24	67	165	95	67
CR2	24	0	67	166	95	67
MA1	67	67	0	171	90	0
MA2	165	166	171	0	177	171
MM1	95	95	90	177	0	90
MM2	67	67	0	171	90	0
280Nsremoved_rename_npspace_gb_srt_dist.tab
	CR1	CR2	MA1	MA2	MM1	MM2
CR1	0	146	78	153	62	49
CR2	146	0	116	33	157	144
MA1	78	116	0	111	101	40
MA2	153	33	111	0	164	151
MM1	62	157	101	164	0	76
MM2	49	144	40	151	76	0
281Nsremoved_rename_npspace_gb_modified_srt_dist.tab
	CR1	CR2	MA1	MA2	MM1	MM2
CR1	0	393	145	401	137	190
CR2	393	0	369	150	374	401
MA1	145	369	0	377	170	194
MA2	401	150	377	0	385	408
MM1	137	374	170	385	0	208
MM2	190	401	194	408	208	0
282Nsremoved_rename_npspace_gb_srt_dist.tab
	CR1	CR2	MA1	MA2	MM1	MM2
CR1	0	275	265	85	273	269
CR2	275	0	158	284	99	123
MA1	265	158	0	275	145	140
MA2	85	284	275	0	279	276
MM1	273	99	145	279	0	108
MM2	269	123	140	276	108	0
283Nsremoved_rename_npspace_gb_srt_dist.tab
	CR1	CR2	MA1	MA2	MM1	MM2
CR1	0	471	471	413	325	340
CR2	471	0	180	232	444	430
MA1	471	180	0	170	404	431
MA2	413	232	170	0	262	363
MM1	325	444	404	262	0	300
MM2	340	430	431	363	300	0
284Nsremoved_rename_npspace_gb_srt_dist.tab
	CR1	CR2	MA1	MA2	MM1	MM2
CR1	0	207	319	119	316	325
CR2	207	0	212	257	194	227
MA1	319	212	0	332	172	137
MA2	119	257	332	0	331	339
MM1	316	194	172	331	0	174
MM2	325	227	137	339	174	0
287Nsremoved_rename_npspace_gb_srt_dist.tab
	CR1	CR2	MA1	MA2	MM1	MM2
CR1	0	539	250	537	251	240
CR2	539	0	541	162	569	554
MA1	250	541	0	535	261	242
MA2	537	162	535	0	562	550
MM1	251	569	261	562	0	267
MM2	240	554	242	550	267	0
28Nsremoved_rename_npspace_gb_srt_dist.tab
	CR1	CR2	MA1	MA2	MM1	MM2
CR1	0	256	253	137	129	41
CR2	256	0	105	259	258	267
MA1	253	105	0	252	253	264
MA2	137	259	252	0	132	124
MM1	129	258	253	132	0	100
MM2	41	267	264	124	100	0
290Nsremoved_rename_npspace_gb_srt_dist.tab
	CR1	CR2	MA1	MA2	MM1	MM2
CR1	0	161	38	35	74	81
CR2	161	0	132	132	146	156
MA1	38	132	0	9	82	94
MA2	35	132	9	0	85	91
MM1	74	146	82	85	0	71
MM2	81	156	94	91	71	0
291Nsremoved_rename_npspace_gb_modified_srt_dist.tab
	CR1	CR2	MA1	MA2	MM1	MM2
CR1	0	340	292	77	356	338
CR2	340	0	54	322	209	6
MA1	292	54	0	268	245	52
MA2	77	322	268	0	340	320
MM1	356	209	245	340	0	205
MM2	338	6	52	320	205	0
297Nsremoved_rename_npspace_gb_modified_srt_dist.tab
	CR1	CR2	MA1	MA2	MM1	MM2
CR1	0	292	100	294	100	83
CR2	292	0	290	89	290	290
MA1	100	290	0	293	0	142
MA2	294	89	293	0	293	293
MM1	100	290	0	293	0	142
MM2	83	290	142	293	142	0
300Nsremoved_rename_npspace_gb_srt_dist.tab
	CR1	CR2	MA1	MA2	MM1	MM2
CR1	0	123	159	167	0	99
CR2	123	0	134	144	123	154
MA1	159	134	0	45	159	121
MA2	167	144	45	0	167	127
MM1	0	123	159	167	0	99
MM2	99	154	121	127	99	0
302Nsremoved_rename_npspace_gb_srt_dist.tab
	CR1	CR2	MA1	MA2	MM1	MM2
CR1	0	224	142	223	142	137
CR2	224	0	225	63	225	208
MA1	142	225	0	220	0	115
MA2	223	63	220	0	220	208
MM1	142	225	0	220	0	115
MM2	137	208	115	208	115	0
303Nsremoved_rename_npspace_gb_srt_dist.tab
	CR1	CR2	MA1	MA2	MM1	MM2
CR1	0	137	27	132	27	53
CR2	137	0	128	48	128	128
MA1	27	128	0	123	0	46
MA2	132	48	123	0	123	127
MM1	27	128	0	123	0	46
MM2	53	128	46	127	46	0
304Nsremoved_rename_npspace_gb_srt_dist.tab
	CR1	CR2	MA1	MA2	MM1	MM2
CR1	0	361	198	355	200	198
CR2	361	0	325	44	346	329
MA1	198	325	0	319	178	18
MA2	355	44	319	0	341	323
MM1	200	346	178	341	0	180
MM2	198	329	18	323	180	0
308Nsremoved_rename_npspace_gb_srt_dist.tab
	CR1	CR2	MA1	MA2	MM1	MM2
CR1	0	195	104	141	31	86
CR2	195	0	193	107	201	205
MA1	104	193	0	102	98	24
MA2	141	107	102	0	147	126
MM1	31	201	98	147	0	81
MM2	86	205	24	126	81	0
30Nsremoved_rename_npspace_gb_srt_dist.tab
	CR1	CR2	MA1	MA2	MM1	MM2
CR1	0	250	255	106	112	106
CR2	250	0	51	251	264	251
MA1	255	51	0	258	271	258
MA2	106	251	258	0	106	0
MM1	112	264	271	106	0	106
MM2	106	251	258	0	106	0
311Nsremoved_rename_npspace_gb_srt_dist.tab
	CR1	CR2	MA1	MA2	MM1	MM2
CR1	0	144	48	148	49	48
CR2	144	0	135	53	132	135
MA1	48	135	0	138	21	0
MA2	148	53	138	0	135	138
MM1	49	132	21	135	0	21
MM2	48	135	0	138	21	0
312Nsremoved_rename_npspace_gb_srt_dist.tab
	CR1	CR2	MA1	MA2	MM1	MM2
CR1	0	168	70	171	70	75
CR2	168	0	155	35	155	153
MA1	70	155	0	160	0	49
MA2	171	35	160	0	160	156
MM1	70	155	0	160	0	49
MM2	75	153	49	156	49	0
313Nsremoved_rename_npspace_gb_srt_dist.tab
	CR1	CR2	MA1	MA2	MM1	MM2
CR1	0	87	145	162	221	238
CR2	87	0	195	144	239	251
MA1	145	195	0	74	141	199
MA2	162	144	74	0	215	243
MM1	221	239	141	215	0	78
MM2	238	251	199	243	78	0
315Nsremoved_rename_npspace_gb_srt_dist.tab
	CR1	CR2	MA1	MA2	MM1	MM2
CR1	0	177	59	175	48	59
CR2	177	0	170	25	172	170
MA1	59	170	0	168	57	0
MA2	175	25	168	0	170	168
MM1	48	172	57	170	0	57
MM2	59	170	0	168	57	0
316Nsremoved_rename_npspace_gb_modified_srt_dist.tab
	CR1	CR2	MA1	MA2	MM1	MM2
CR1	0	184	54	183	194	183
CR2	184	0	198	94	82	94
MA1	54	198	0	195	208	195
MA2	183	94	195	0	89	0
MM1	194	82	208	89	0	89
MM2	183	94	195	0	89	0
317Nsremoved_rename_npspace_gb_srt_dist.tab
	CR1	CR2	MA1	MA2	MM1	MM2
CR1	0	297	152	303	165	152
CR2	297	0	295	88	315	295
MA1	152	295	0	310	152	0
MA2	303	88	310	0	324	310
MM1	165	315	152	324	0	152
MM2	152	295	0	310	152	0
318Nsremoved_rename_npspace_gb_modified_srt_dist.tab
	CR1	CR2	MA1	MA2	MM1	MM2
CR1	0	271	250	51	266	280
CR2	271	0	122	263	120	114
MA1	250	122	0	236	142	36
MA2	51	263	236	0	258	272
MM1	266	120	142	258	0	128
MM2	280	114	36	272	128	0
319Nsremoved_rename_npspace_gb_srt_dist.tab
	CR1	CR2	MA1	MA2	MM1	MM2
CR1	0	175	176	95	95	87
CR2	175	0	31	156	176	165
MA1	176	31	0	149	177	170
MA2	95	156	149	0	97	21
MM1	95	176	177	97	0	87
MM2	87	165	170	21	87	0
31Nsremoved_rename_npspace_gb_srt_dist.tab
	CR1	CR2	MA1	MA2	MM1	MM2
CR1	0	136	21	137	132	137
CR2	136	0	135	69	48	69
MA1	21	135	0	138	131	138
MA2	137	69	138	0	49	0
MM1	132	48	131	49	0	49
MM2	137	69	138	0	49	0
320Nsremoved_rename_npspace_gb_srt_dist.tab
	CR1	CR2	MA1	MA2	MM1	MM2
CR1	0	130	93	151	91	89
CR2	130	0	127	61	140	153
MA1	93	127	0	143	80	83
MA2	151	61	143	0	158	165
MM1	91	140	80	158	0	71
MM2	89	153	83	165	71	0
322Nsremoved_rename_npspace_gb_srt_dist.tab
	CR1	CR2	MA1	MA2	MM1	MM2
CR1	0	164	173	101	101	116
CR2	164	0	39	172	172	170
MA1	173	39	0	175	175	177
MA2	101	172	175	0	0	58
MM1	101	172	175	0	0	58
MM2	116	170	177	58	58	0
324Nsremoved_rename_npspace_gb_srt_dist.tab
	CR1	CR2	MA1	MA2	MM1	MM2
CR1	0	217	197	134	162	134
CR2	217	0	71	198	212	198
MA1	197	71	0	174	188	174
MA2	134	198	174	0	128	0
MM1	162	212	188	128	0	128
MM2	134	198	174	0	128	0
326Nsremoved_rename_npspace_gb_srt_dist.tab
	CR1	CR2	MA1	MA2	MM1	MM2
CR1	0	201	67	200	199	200
CR2	201	0	186	72	73	72
MA1	67	186	0	189	188	189
MA2	200	72	189	0	81	0
MM1	199	73	188	81	0	81
MM2	200	72	189	0	81	0
329Nsremoved_rename_npspace_gb_srt_dist.tab
	CR1	CR2	MA1	MA2	MM1	MM2
CR1	0	357	213	353	231	226
CR2	357	0	337	100	346	344
MA1	213	337	0	331	102	175
MA2	353	100	331	0	335	344
MM1	231	346	102	335	0	176
MM2	226	344	175	344	176	0
334Nsremoved_rename_npspace_gb_srt_dist.tab
	CR1	CR2	MA1	MA2	MM1	MM2
CR1	0	150	122	74	71	66
CR2	150	0	72	127	132	144
MA1	122	72	0	95	86	112
MA2	74	127	95	0	9	68
MM1	71	132	86	9	0	61
MM2	66	144	112	68	61	0
335Nsremoved_rename_npspace_gb_srt_dist.tab
	CR1	CR2	MA1	MA2	MM1	MM2
CR1	0	227	218	47	205	222
CR2	227	0	141	226	132	146
MA1	218	141	0	220	124	143
MA2	47	226	220	0	199	224
MM1	205	132	124	199	0	109
MM2	222	146	143	224	109	0
336Nsremoved_rename_npspace_gb_modified_srt_dist.tab
	CR1	CR2	MA1	MA2	MM1	MM2
CR1	0	118	17	117	2	1
CR2	118	0	120	33	116	117
MA1	17	120	0	119	17	16
MA2	117	33	119	0	115	116
MM1	2	116	17	115	0	3
MM2	1	117	16	116	3	0
337Nsremoved_rename_npspace_gb_srt_dist.tab
	CR1	CR2	MA1	MA2	MM1	MM2
CR1	0	126	173	97	165	173
CR2	126	0	67	201	106	69
MA1	173	67	0	190	97	64
MA2	97	201	190	0	192	199
MM1	165	106	97	192	0	113
MM2	173	69	64	199	113	0
33Nsremoved_rename_npspace_gb_srt_dist.tab
	CR1	CR2	MA1	MA2	MM1	MM2
CR1	0	133	339	95	91	95
CR2	133	0	236	220	216	220
MA1	339	236	0	356	342	356
MA2	95	220	356	0	103	0
MM1	91	216	342	103	0	103
MM2	95	220	356	0	103	0
342Nsremoved_rename_npspace_gb_srt_dist.tab
	CR1	CR2	MA1	MA2	MM1	MM2
CR1	0	277	172	271	164	185
CR2	277	0	283	10	290	302
MA1	172	283	0	277	163	207
MA2	271	10	277	0	284	296
MM1	164	290	163	284	0	152
MM2	185	302	207	296	152	0
343Nsremoved_rename_npspace_gb_srt_dist.tab
	CR1	CR2	MA1	MA2	MM1	MM2
CR1	0	359	179	358	167	179
CR2	359	0	370	96	372	370
MA1	179	370	0	369	172	0
MA2	358	96	369	0	373	369
MM1	167	372	172	373	0	172
MM2	179	370	0	369	172	0
344Nsremoved_rename_npspace_gb_srt_dist.tab
	CR1	CR2	MA1	MA2	MM1	MM2
CR1	0	538	511	144	493	510
CR2	538	0	320	519	293	297
MA1	511	320	0	490	224	288
MA2	144	519	490	0	475	495
MM1	493	293	224	475	0	279
MM2	510	297	288	495	279	0
346Nsremoved_rename_npspace_gb_srt_dist.tab
	CR1	CR2	MA1	MA2	MM1	MM2
CR1	0	487	288	483	300	288
CR2	487	0	475	88	456	475
MA1	288	475	0	473	274	0
MA2	483	88	473	0	453	473
MM1	300	456	274	453	0	274
MM2	288	475	0	473	274	0
348Nsremoved_rename_npspace_gb_modified_srt_dist.tab
	CR1	CR2	MA1	MA2	MM1	MM2
CR1	0	133	136	57	44	51
CR2	133	0	36	130	130	132
MA1	136	36	0	129	128	131
MA2	57	130	129	0	46	58
MM1	44	130	128	46	0	48
MM2	51	132	131	58	48	0
349Nsremoved_rename_npspace_gb_modified_srt_dist.tab
	CR1	CR2	MA1	MA2	MM1	MM2
CR1	0	157	91	159	90	82
CR2	157	0	157	64	164	165
MA1	91	157	0	157	85	106
MA2	159	64	157	0	165	167
MM1	90	164	85	165	0	101
MM2	82	165	106	167	101	0
34Nsremoved_rename_npspace_gb_srt_dist.tab
	CR1	CR2	MA1	MA2	MM1	MM2
CR1	0	157	89	155	89	82
CR2	157	0	163	80	163	159
MA1	89	163	0	165	0	66
MA2	155	80	165	0	165	159
MM1	89	163	0	165	0	66
MM2	82	159	66	159	66	0
352Nsremoved_rename_npspace_gb_modified_srt_dist.tab
	CR1	CR2	MA1	MA2	MM1	MM2
CR1	0	288	139	285	141	139
CR2	288	0	289	111	295	289
MA1	139	289	0	278	136	0
MA2	285	111	278	0	278	278
MM1	141	295	136	278	0	136
MM2	139	289	0	278	136	0
354Nsremoved_rename_npspace_gb_modified_srt_dist.tab
	CR1	CR2	MA1	MA2	MM1	MM2
CR1	0	360	100	144	361	345
CR2	360	0	335	306	196	182
MA1	100	335	0	140	311	326
MA2	144	306	140	0	259	285
MM1	361	196	311	259	0	177
MM2	345	182	326	285	177	0
356Nsremoved_rename_npspace_gb_srt_dist.tab
	CR1	CR2	MA1	MA2	MM1	MM2
CR1	0	33	16	35	18	19
CR2	33	0	33	8	33	32
MA1	16	33	0	35	14	11
MA2	35	8	35	0	35	34
MM1	18	33	14	35	0	9
MM2	19	32	11	34	9	0
358Nsremoved_rename_npspace_gb_srt_dist.tab
	CR1	CR2	MA1	MA2	MM1	MM2
CR1	0	127	79	87	56	70
CR2	127	0	121	103	114	124
MA1	79	121	0	22	70	67
MA2	87	103	22	0	76	77
MM1	56	114	70	76	0	64
MM2	70	124	67	77	64	0
361Nsremoved_rename_npspace_gb_srt_dist.tab
	CR1	CR2	MA1	MA2	MM1	MM2
CR1	0	208	197	158	197	228
CR2	208	0	86	203	86	157
MA1	197	86	0	145	0	144
MA2	158	203	145	0	145	192
MM1	197	86	0	145	0	144
MM2	228	157	144	192	144	0
362Nsremoved_rename_npspace_gb_modified_srt_dist.tab
	CR1	CR2	MA1	MA2	MM1	MM2
CR1	0	100	79	99	47	48
CR2	100	0	78	49	105	105
MA1	79	78	0	53	54	74
MA2	99	49	53	0	106	108
MM1	47	105	54	106	0	36
MM2	48	105	74	108	36	0
364Nsremoved_rename_npspace_gb_srt_dist.tab
	CR1	CR2	MA1	MA2	MM1	MM2
CR1	0	0	58	23	24	14
CR2	0	0	58	23	24	14
MA1	58	58	0	57	60	54
MA2	23	23	57	0	27	15
MM1	24	24	60	27	0	22
MM2	14	14	54	15	22	0
366Nsremoved_rename_npspace_gb_srt_dist.tab
	CR1	CR2	MA1	MA2	MM1	MM2
CR1	0	250	85	261	261	257
CR2	250	0	263	110	110	67
MA1	85	263	0	277	277	268
MA2	261	110	277	0	0	122
MM1	261	110	277	0	0	122
MM2	257	67	268	122	122	0
367Nsremoved_rename_npspace_gb_srt_dist.tab
	CR1	CR2	MA1	MA2	MM1	MM2
CR1	0	409	173	401	184	197
CR2	409	0	392	56	444	443
MA1	173	392	0	378	184	202
MA2	401	56	378	0	430	431
MM1	184	444	184	430	0	215
MM2	197	443	202	431	215	0
368Nsremoved_rename_npspace_gb_srt_dist.tab
	CR1	CR2	MA1	MA2	MM1	MM2
CR1	0	493	275	502	200	269
CR2	493	0	489	109	516	484
MA1	275	489	0	510	252	237
MA2	502	109	510	0	528	496
MM1	200	516	252	528	0	277
MM2	269	484	237	496	277	0
36Nsremoved_rename_npspace_gb_srt_dist.tab
	CR1	CR2	MA1	MA2	MM1	MM2
CR1	0	126	188	187	221	207
