1003Nsremoved_gb_rename_nospace_srt_1kbtrim_dist.tab
	CR1	CR2	MM1	MM2
CR1	0	28	197	214
CR2	28	0	183	194
MM1	197	183	0	133
MM2	214	194	133	0
1004Nsremoved_gb_rename_nospace_srt_1kbtrim_dist.tab
	CR1	CR2	MM1	MM2
CR1	0	214	85	78
CR2	214	0	203	208
MM1	85	203	0	51
MM2	78	208	51	0
1005Nsremoved_gb_rename_nospace_srt_1kbtrim_dist.tab
	CR1	CR2	MM1	MM2
CR1	0	162	81	61
CR2	162	0	163	159
MM1	81	163	0	56
MM2	61	159	56	0
1006Nsremoved_gb_rename_nospace_srt_1kbtrim_dist.tab
	CR1	CR2	MM1	MM2
CR1	0	323	210	209
CR2	323	0	362	331
MM1	210	362	0	252
MM2	209	331	252	0
1009Nsremoved_gb_rename_nospace_srt_1kbtrim_dist.tab
	CR1	CR2	MM1	MM2
CR1	0	293	157	198
CR2	293	0	257	261
MM1	157	257	0	135
MM2	198	261	135	0
100Nsremoved_gb_rename_nospace_srt_1kbtrim_dist.tab
	CR1	CR2	MM1	MM2
CR1	0	241	77	130
CR2	241	0	244	265
MM1	77	244	0	132
MM2	130	265	132	0
1010Nsremoved_gb_rename_nospace_srt_1kbtrim_dist.tab
	CR1	CR2	MM1	MM2
CR1	0	618	260	211
CR2	618	0	571	612
MM1	260	571	0	284
MM2	211	612	284	0
1011Nsremoved_gb_rename_nospace_srt_1kbtrim_dist.tab
	CR1	CR2	MM1	MM2
CR1	0	170	66	54
CR2	170	0	180	177
MM1	66	180	0	64
MM2	54	177	64	0
1013Nsremoved_gb_rename_nospace_srt_1kbtrim_dist.tab
	CR1	CR2	MM1	MM2
CR1	0	314	98	122
CR2	314	0	308	301
MM1	98	308	0	115
MM2	122	301	115	0
1014Nsremoved_gb_rename_nospace_srt_1kbtrim_dist.tab
	CR1	CR2	MM1	MM2
CR1	0	267	249	250
CR2	267	0	109	111
MM1	249	109	0	96
MM2	250	111	96	0
1015Nsremoved_gb_rename_nospace_srt_1kbtrim_dist.tab
	CR1	CR2	MM1	MM2
CR1	0	408	132	155
CR2	408	0	408	422
MM1	132	408	0	163
MM2	155	422	163	0
101Nsremoved_gb_rename_nospace_srt_1kbtrim_dist.tab
	CR1	CR2	MM1	MM2
CR1	0	359	314	325
CR2	359	0	397	462
MM1	314	397	0	243
MM2	325	462	243	0
1020Nsremoved_gb_rename_nospace_srt_1kbtrim_dist.tab
	CR1	CR2	MM1	MM2
CR1	0	269	193	183
CR2	269	0	282	259
MM1	193	282	0	159
MM2	183	259	159	0
1022Nsremoved_gb_rename_nospace_srt_1kbtrim_dist.tab
	CR1	CR2	MM1	MM2
CR1	0	150	160	148
CR2	150	0	55	71
MM1	160	55	0	69
MM2	148	71	69	0
1024Nsremoved_gb_rename_nospace_srt_1kbtrim_dist.tab
	CR1	CR2	MM1	MM2
CR1	0	237	227	235
CR2	237	0	112	115
MM1	227	112	0	88
MM2	235	115	88	0
1026Nsremoved_gb_rename_nospace_srt_1kbtrim_dist.tab
	CR1	CR2	MM1	MM2
CR1	0	215	126	121
CR2	215	0	193	190
MM1	126	193	0	119
MM2	121	190	119	0
1027Nsremoved_gb_rename_nospace_srt_1kbtrim_dist.tab
	CR1	CR2	MM1	MM2
CR1	0	143	140	125
CR2	143	0	133	148
MM1	140	133	0	63
MM2	125	148	63	0
1028Nsremoved_gb_rename_nospace_srt_1kbtrim_dist.tab
	CR1	CR2	MM1	MM2
CR1	0	50	97	92
CR2	50	0	128	114
MM1	97	128	0	108
MM2	92	114	108	0
1029Nsremoved_gb_rename_nospace_srt_1kbtrim_dist.tab
	CR1	CR2	MM1	MM2
CR1	0	231	113	127
CR2	231	0	234	235
MM1	113	234	0	127
MM2	127	235	127	0
1030Nsremoved_gb_rename_nospace_srt_1kbtrim_dist.tab
	CR1	CR2	MM1	MM2
CR1	0	224	54	101
CR2	224	0	218	207
MM1	54	218	0	85
MM2	101	207	85	0
1031Nsremoved_gb_rename_nospace_srt_1kbtrim_dist.tab
	CR1	CR2	MM1	MM2
CR1	0	473	275	281
CR2	473	0	462	452
MM1	275	462	0	253
MM2	281	452	253	0
1035Nsremoved_gb_rename_nospace_srt_1kbtrim_dist.tab
	CR1	CR2	MM1	MM2
CR1	0	265	127	141
CR2	265	0	265	264
MM1	127	265	0	166
MM2	141	264	166	0
1036Nsremoved_gb_rename_nospace_srt_1kbtrim_dist.tab
	CR1	CR2	MM1	MM2
CR1	0	217	225	226
CR2	217	0	123	118
MM1	225	123	0	98
MM2	226	118	98	0
1037Nsremoved_gb_rename_nospace_srt_1kbtrim_dist.tab
	CR1	CR2	MM1	MM2
CR1	0	540	559	526
CR2	540	0	368	143
MM1	559	368	0	326
MM2	526	143	326	0
1040Nsremoved_gb_rename_nospace_srt_1kbtrim_dist.tab
	CR1	CR2	MM1	MM2
CR1	0	221	107	89
CR2	221	0	230	234
MM1	107	230	0	102
MM2	89	234	102	0
1041Nsremoved_gb_rename_nospace_srt_1kbtrim_dist.tab
	CR1	CR2	MM1	MM2
CR1	0	251	220	221
CR2	251	0	125	134
MM1	220	125	0	135
MM2	221	134	135	0
1044Nsremoved_gb_rename_nospace_srt_1kbtrim_dist.tab
	CR1	CR2	MM1	MM2
CR1	0	184	192	184
CR2	184	0	60	0
MM1	192	60	0	60
MM2	184	0	60	0
1045Nsremoved_gb_rename_nospace_srt_1kbtrim_dist.tab
	CR1	CR2	MM1	MM2
CR1	0	318	109	149
CR2	318	0	323	311
MM1	109	323	0	123
MM2	149	311	123	0
1046Nsremoved_gb_rename_nospace_srt_1kbtrim_dist.tab
	CR1	CR2	MM1	MM2
CR1	0	203	64	74
CR2	203	0	199	192
MM1	64	199	0	76
MM2	74	192	76	0
1047Nsremoved_gb_rename_nospace_srt_1kbtrim_dist.tab
	CR1	CR2	MM1	MM2
CR1	0	356	165	236
CR2	356	0	351	376
MM1	165	351	0	214
MM2	236	376	214	0
1050Nsremoved_gb_rename_nospace_srt_1kbtrim_dist.tab
	CR1	CR2	MM1	MM2
CR1	0	192	88	91
CR2	192	0	210	206
MM1	88	210	0	93
MM2	91	206	93	0
1051Nsremoved_gb_rename_nospace_srt_1kbtrim_dist.tab
	CR1	CR2	MM1	MM2
CR1	0	294	135	151
CR2	294	0	308	301
MM1	135	308	0	156
MM2	151	301	156	0
1052Nsremoved_gb_rename_nospace_srt_1kbtrim_dist.tab
	CR1	CR2	MM1	MM2
CR1	0	170	104	99
CR2	170	0	206	198
MM1	104	206	0	53
MM2	99	198	53	0
1057Nsremoved_gb_rename_nospace_srt_1kbtrim_dist.tab
	CR1	CR2	MM1	MM2
CR1	0	244	123	125
CR2	244	0	245	245
MM1	123	245	0	144
MM2	125	245	144	0
1059Nsremoved_gb_rename_nospace_srt_1kbtrim_dist.tab
	CR1	CR2	MM1	MM2
CR1	0	98	104	106
CR2	98	0	36	30
MM1	104	36	0	10
MM2	106	30	10	0
1060Nsremoved_gb_rename_nospace_srt_1kbtrim_dist.tab
	CR1	CR2	MM1	MM2
CR1	0	417	227	223
CR2	417	0	396	396
MM1	227	396	0	4
MM2	223	396	4	0
1061Nsremoved_gb_rename_nospace_srt_1kbtrim_dist.tab
	CR1	CR2	MM1	MM2
CR1	0	92	146	138
CR2	92	0	98	84
MM1	146	98	0	58
MM2	138	84	58	0
1062Nsremoved_gb_rename_nospace_srt_1kbtrim_dist.tab
	CR1	CR2	MM1	MM2
CR1	0	331	206	195
CR2	331	0	334	345
MM1	206	334	0	81
MM2	195	345	81	0
1063Nsremoved_gb_rename_nospace_srt_1kbtrim_dist.tab
	CR1	CR2	MM1	MM2
CR1	0	234	205	155
CR2	234	0	316	242
MM1	205	316	0	196
MM2	155	242	196	0
1067Nsremoved_gb_rename_nospace_srt_1kbtrim_dist.tab
	CR1	CR2	MM1	MM2
CR1	0	146	224	218
CR2	146	0	282	295
MM1	224	282	0	233
MM2	218	295	233	0
1068Nsremoved_gb_rename_nospace_srt_1kbtrim_dist.tab
	CR1	CR2	MM1	MM2
CR1	0	79	490	517
CR2	79	0	454	477
MM1	490	454	0	177
MM2	517	477	177	0
1069Nsremoved_gb_rename_nospace_srt_1kbtrim_dist.tab
	CR1	CR2	MM1	MM2
CR1	0	419	407	411
CR2	419	0	142	168
MM1	407	142	0	119
MM2	411	168	119	0
106Nsremoved_gb_rename_nospace_srt_1kbtrim_dist.tab
	CR1	CR2	MM1	MM2
CR1	0	664	667	712
CR2	664	0	400	428
MM1	667	400	0	410
MM2	712	428	410	0
1070Nsremoved_gb_rename_nospace_srt_1kbtrim_dist.tab
	CR1	CR2	MM1	MM2
CR1	0	180	184	180
CR2	180	0	90	111
MM1	184	90	0	113
MM2	180	111	113	0
1073Nsremoved_gb_rename_nospace_srt_1kbtrim_dist.tab
	CR1	CR2	MM1	MM2
CR1	0	575	12	22
CR2	575	0	580	577
MM1	12	580	0	18
MM2	22	577	18	0
1074Nsremoved_gb_rename_nospace_srt_1kbtrim_dist.tab
	CR1	CR2	MM1	MM2
CR1	0	143	320	323
CR2	143	0	274	272
MM1	320	274	0	208
MM2	323	272	208	0
1075Nsremoved_gb_rename_nospace_srt_1kbtrim_dist.tab
	CR1	CR2	MM1	MM2
CR1	0	337	387	347
CR2	337	0	195	118
MM1	387	195	0	199
MM2	347	118	199	0
1077Nsremoved_gb_rename_nospace_srt_1kbtrim_dist.tab
	CR1	CR2	MM1	MM2
CR1	0	0	95	125
CR2	0	0	95	125
MM1	95	95	0	111
MM2	125	125	111	0
1078Nsremoved_gb_rename_nospace_srt_1kbtrim_dist.tab
	CR1	CR2	MM1	MM2
CR1	0	205	85	108
CR2	205	0	222	218
MM1	85	222	0	97
MM2	108	218	97	0
107Nsremoved_gb_rename_nospace_srt_1kbtrim_dist.tab
	CR1	CR2	MM1	MM2
CR1	0	362	183	146
CR2	362	0	347	334
MM1	183	347	0	163
MM2	146	334	163	0
1080Nsremoved_gb_rename_nospace_srt_1kbtrim_dist.tab
	CR1	CR2	MM1	MM2
CR1	0	230	64	52
CR2	230	0	220	228
MM1	64	220	0	58
MM2	52	228	58	0
1081Nsremoved_gb_rename_nospace_srt_1kbtrim_dist.tab
	CR1	CR2	MM1	MM2
CR1	0	101	115	130
CR2	101	0	50	73
MM1	115	50	0	67
MM2	130	73	67	0
1083Nsremoved_gb_rename_nospace_srt_1kbtrim_dist.tab
	CR1	CR2	MM1	MM2
CR1	0	322	173	203
CR2	322	0	318	290
MM1	173	318	0	189
MM2	203	290	189	0
1085Nsremoved_gb_rename_nospace_srt_1kbtrim_dist.tab
	CR1	CR2	MM1	MM2
CR1	0	0	91	136
CR2	0	0	91	136
MM1	91	91	0	129
MM2	136	136	129	0
1086Nsremoved_gb_rename_nospace_srt_1kbtrim_dist.tab
	CR1	CR2	MM1	MM2
CR1	0	219	93	76
CR2	219	0	210	231
MM1	93	210	0	112
MM2	76	231	112	0
1087Nsremoved_gb_rename_nospace_srt_1kbtrim_dist.tab
	CR1	CR2	MM1	MM2
CR1	0	135	43	59
CR2	135	0	134	135
MM1	43	134	0	57
MM2	59	135	57	0
1088Nsremoved_gb_rename_nospace_srt_1kbtrim_dist.tab
	CR1	CR2	MM1	MM2
CR1	0	365	169	154
CR2	365	0	361	366
MM1	169	361	0	159
MM2	154	366	159	0
1089Nsremoved_gb_rename_nospace_srt_1kbtrim_dist.tab
	CR1	CR2	MM1	MM2
CR1	0	280	143	141
CR2	280	0	276	262
MM1	143	276	0	123
MM2	141	262	123	0
1091Nsremoved_gb_rename_nospace_srt_1kbtrim_dist.tab
	CR1	CR2	MM1	MM2
CR1	0	117	29	26
CR2	117	0	113	110
MM1	29	113	0	27
MM2	26	110	27	0
1093Nsremoved_gb_rename_nospace_srt_1kbtrim_dist.tab
	CR1	CR2	MM1	MM2
CR1	0	186	203	193
CR2	186	0	149	135
MM1	203	149	0	116
MM2	193	135	116	0
1094Nsremoved_gb_rename_nospace_srt_1kbtrim_dist.tab
	CR1	CR2	MM1	MM2
CR1	0	244	250	246
CR2	244	0	113	97
MM1	250	113	0	126
MM2	246	97	126	0
1095Nsremoved_gb_rename_nospace_srt_1kbtrim_dist.tab
	CR1	CR2	MM1	MM2
CR1	0	207	273	249
CR2	207	0	146	126
MM1	273	146	0	135
MM2	249	126	135	0
1097Nsremoved_gb_rename_nospace_srt_1kbtrim_dist.tab
	CR1	CR2	MM1	MM2
CR1	0	324	178	151
CR2	324	0	323	334
MM1	178	323	0	187
MM2	151	334	187	0
109Nsremoved_gb_rename_nospace_srt_1kbtrim_dist.tab
	CR1	CR2	MM1	MM2
CR1	0	337	105	201
CR2	337	0	316	291
MM1	105	316	0	96
MM2	201	291	96	0
1102Nsremoved_gb_rename_nospace_srt_1kbtrim_dist.tab
	CR1	CR2	MM1	MM2
CR1	0	261	274	267
CR2	261	0	117	120
MM1	274	117	0	108
MM2	267	120	108	0
1103Nsremoved_gb_rename_nospace_srt_1kbtrim_dist.tab
	CR1	CR2	MM1	MM2
CR1	0	239	123	73
CR2	239	0	244	235
MM1	123	244	0	138
MM2	73	235	138	0
1104Nsremoved_gb_rename_nospace_srt_1kbtrim_dist.tab
	CR1	CR2	MM1	MM2
CR1	0	439	221	222
CR2	439	0	421	422
MM1	221	421	0	1
MM2	222	422	1	0
1105Nsremoved_gb_rename_nospace_srt_1kbtrim_dist.tab
	CR1	CR2	MM1	MM2
CR1	0	450	441	424
CR2	450	0	217	292
MM1	441	217	0	235
MM2	424	292	235	0
1106Nsremoved_gb_rename_nospace_srt_1kbtrim_dist.tab
	CR1	CR2	MM1	MM2
CR1	0	265	156	140
CR2	265	0	257	299
MM1	156	257	0	194
MM2	140	299	194	0
110Nsremoved_gb_rename_nospace_srt_1kbtrim_dist.tab
	CR1	CR2	MM1	MM2
CR1	0	203	114	97
CR2	203	0	209	193
MM1	114	209	0	113
MM2	97	193	113	0
1110Nsremoved_gb_rename_nospace_srt_1kbtrim_dist.tab
	CR1	CR2	MM1	MM2
CR1	0	122	88	140
CR2	122	0	190	187
MM1	88	190	0	111
MM2	140	187	111	0
1111Nsremoved_gb_rename_nospace_srt_1kbtrim_dist.tab
	CR1	CR2	MM1	MM2
CR1	0	221	119	123
CR2	221	0	230	238
MM1	119	230	0	115
MM2	123	238	115	0
1112Nsremoved_gb_rename_nospace_srt_1kbtrim_dist.tab
	CR1	CR2	MM1	MM2
CR1	0	203	108	88
CR2	203	0	178	194
MM1	108	178	0	100
MM2	88	194	100	0
1114Nsremoved_gb_rename_nospace_srt_1kbtrim_dist.tab
	CR1	CR2	MM1	MM2
CR1	0	68	457	436
CR2	68	0	482	455
MM1	457	482	0	261
MM2	436	455	261	0
1116Nsremoved_gb_rename_nospace_srt_1kbtrim_dist.tab
	CR1	CR2	MM1	MM2
CR1	0	237	117	102
CR2	237	0	246	229
MM1	117	246	0	106
MM2	102	229	106	0
1117Nsremoved_gb_rename_nospace_srt_1kbtrim_dist.tab
	CR1	CR2	MM1	MM2
CR1	0	367	193	180
CR2	367	0	386	365
MM1	193	386	0	178
MM2	180	365	178	0
1121Nsremoved_gb_rename_nospace_srt_1kbtrim_dist.tab
	CR1	CR2	MM1	MM2
CR1	0	286	287	278
CR2	286	0	115	116
MM1	287	115	0	113
MM2	278	116	113	0
1123Nsremoved_gb_rename_nospace_srt_1kbtrim_dist.tab
	CR1	CR2	MM1	MM2
CR1	0	32	202	184
CR2	32	0	219	204
MM1	202	219	0	103
MM2	184	204	103	0
1124Nsremoved_gb_rename_nospace_srt_1kbtrim_dist.tab
	CR1	CR2	MM1	MM2
CR1	0	291	108	92
CR2	291	0	294	287
MM1	108	294	0	98
MM2	92	287	98	0
1125Nsremoved_gb_rename_nospace_srt_1kbtrim_dist.tab
	CR1	CR2	MM1	MM2
CR1	0	256	3	131
CR2	256	0	257	251
MM1	3	257	0	130
MM2	131	251	130	0
1126Nsremoved_gb_rename_nospace_srt_1kbtrim_dist.tab
	CR1	CR2	MM1	MM2
CR1	0	199	200	208
CR2	199	0	65	97
MM1	200	65	0	104
MM2	208	97	104	0
1129Nsremoved_gb_rename_nospace_srt_1kbtrim_dist.tab
	CR1	CR2	MM1	MM2
CR1	0	207	83	12
CR2	207	0	224	203
MM1	83	224	0	83
MM2	12	203	83	0
1130Nsremoved_gb_rename_nospace_srt_1kbtrim_dist.tab
	CR1	CR2	MM1	MM2
CR1	0	0	200	188
CR2	0	0	200	188
MM1	200	200	0	98
MM2	188	188	98	0
1131Nsremoved_gb_rename_nospace_srt_1kbtrim_dist.tab
	CR1	CR2	MM1	MM2
CR1	0	256	218	195
CR2	256	0	391	375
MM1	218	391	0	214
MM2	195	375	214	0
1132Nsremoved_gb_rename_nospace_srt_1kbtrim_dist.tab
	CR1	CR2	MM1	MM2
CR1	0	103	71	65
CR2	103	0	104	106
MM1	71	104	0	61
MM2	65	106	61	0
1135Nsremoved_gb_rename_nospace_srt_1kbtrim_dist.tab
	CR1	CR2	MM1	MM2
CR1	0	235	243	224
CR2	235	0	96	102
MM1	243	96	0	94
MM2	224	102	94	0
113Nsremoved_gb_rename_nospace_srt_1kbtrim_dist.tab
	CR1	CR2	MM1	MM2
CR1	0	190	184	183
CR2	190	0	77	102
MM1	184	77	0	87
MM2	183	102	87	0
1140Nsremoved_gb_rename_nospace_srt_1kbtrim_dist.tab
	CR1	CR2	MM1	MM2
CR1	0	237	107	107
CR2	237	0	236	236
MM1	107	236	0	0
MM2	107	236	0	0
1141Nsremoved_gb_rename_nospace_srt_1kbtrim_dist.tab
	CR1	CR2	MM1	MM2
CR1	0	3	179	197
CR2	3	0	176	194
MM1	179	176	0	76
MM2	197	194	76	0
1142Nsremoved_gb_rename_nospace_srt_1kbtrim_dist.tab
	CR1	CR2	MM1	MM2
CR1	0	1	195	221
CR2	1	0	196	220
MM1	195	196	0	209
MM2	221	220	209	0
1143Nsremoved_gb_rename_nospace_srt_1kbtrim_dist.tab
	CR1	CR2	MM1	MM2
CR1	0	190	101	96
CR2	190	0	183	181
MM1	101	183	0	25
MM2	96	181	25	0
1147Nsremoved_gb_rename_nospace_srt_1kbtrim_dist.tab
	CR1	CR2	MM1	MM2
CR1	0	170	66	79
CR2	170	0	179	177
MM1	66	179	0	64
MM2	79	177	64	0
1148Nsremoved_gb_rename_nospace_srt_1kbtrim_dist.tab
	CR1	CR2	MM1	MM2
CR1	0	382	164	147
CR2	382	0	369	364
MM1	164	369	0	86
MM2	147	364	86	0
1149Nsremoved_gb_rename_nospace_srt_1kbtrim_dist.tab
	CR1	CR2	MM1	MM2
CR1	0	231	212	203
CR2	231	0	104	100
MM1	212	104	0	77
MM2	203	100	77	0
114Nsremoved_gb_rename_nospace_srt_1kbtrim_dist.tab
	CR1	CR2	MM1	MM2
CR1	0	242	141	149
CR2	242	0	242	231
MM1	141	242	0	134
MM2	149	231	134	0
1150Nsremoved_gb_rename_nospace_srt_1kbtrim_dist.tab
	CR1	CR2	MM1	MM2
CR1	0	257	257	241
CR2	257	0	111	113
MM1	257	111	0	124
MM2	241	113	124	0
1151Nsremoved_gb_rename_nospace_srt_1kbtrim_dist.tab
	CR1	CR2	MM1	MM2
CR1	0	247	111	131
CR2	247	0	244	253
MM1	111	244	0	103
MM2	131	253	103	0
1153Nsremoved_gb_rename_nospace_srt_1kbtrim_dist.tab
	CR1	CR2	MM1	MM2
CR1	0	339	218	145
CR2	339	0	343	331
MM1	218	343	0	193
MM2	145	331	193	0
1154Nsremoved_gb_rename_nospace_srt_1kbtrim_dist.tab
	CR1	CR2	MM1	MM2
CR1	0	160	44	53
CR2	160	0	152	161
MM1	44	152	0	53
MM2	53	161	53	0
1156Nsremoved_gb_rename_nospace_srt_1kbtrim_dist.tab
	CR1	CR2	MM1	MM2
CR1	0	251	120	121
CR2	251	0	263	264
MM1	120	263	0	139
MM2	121	264	139	0
1159Nsremoved_gb_rename_nospace_srt_1kbtrim_dist.tab
	CR1	CR2	MM1	MM2
CR1	0	310	161	178
CR2	310	0	322	305
MM1	161	322	0	162
MM2	178	305	162	0
115Nsremoved_gb_rename_nospace_srt_1kbtrim_dist.tab
	CR1	CR2	MM1	MM2
CR1	0	199	97	85
CR2	199	0	205	192
MM1	97	205	0	87
MM2	85	192	87	0
1161Nsremoved_gb_rename_nospace_srt_1kbtrim_dist.tab
	CR1	CR2	MM1	MM2
CR1	0	95	1999	1997
CR2	95	0	1991	1991
MM1	1999	1991	0	54
MM2	1997	1991	54	0
1163Nsremoved_gb_rename_nospace_srt_1kbtrim_dist.tab
	CR1	CR2	MM1	MM2
CR1	0	108	45	44
CR2	108	0	109	111
MM1	45	109	0	45
MM2	44	111	45	0
1164Nsremoved_gb_rename_nospace_srt_1kbtrim_dist.tab
	CR1	CR2	MM1	MM2
CR1	0	212	106	0
CR2	212	0	221	212
MM1	106	221	0	106
MM2	0	212	106	0
1167Nsremoved_gb_rename_nospace_srt_1kbtrim_dist.tab
	CR1	CR2	MM1	MM2
CR1	0	278	179	57
CR2	278	0	290	269
MM1	179	290	0	157
MM2	57	269	157	0
1168Nsremoved_gb_rename_nospace_srt_1kbtrim_dist.tab
	CR1	CR2	MM1	MM2
CR1	0	0	212	197
CR2	0	0	212	197
MM1	212	212	0	114
MM2	197	197	114	0
1169Nsremoved_gb_rename_nospace_srt_1kbtrim_dist.tab
	CR1	CR2	MM1	MM2
CR1	0	408	172	345
CR2	408	0	398	476
MM1	172	398	0	319
MM2	345	476	319	0
1171Nsremoved_gb_rename_nospace_srt_1kbtrim_dist.tab
	CR1	CR2	MM1	MM2
CR1	0	296	257	228
CR2	296	0	359	344
MM1	257	359	0	244
MM2	228	344	244	0
1173Nsremoved_gb_rename_nospace_srt_1kbtrim_dist.tab
	CR1	CR2	MM1	MM2
CR1	0	143	80	79
CR2	143	0	142	135
MM1	80	142	0	7
MM2	79	135	7	0
1174Nsremoved_gb_rename_nospace_srt_1kbtrim_dist.tab
	CR1	CR2	MM1	MM2
CR1	0	149	169	150
CR2	149	0	64	49
MM1	169	64	0	69
MM2	150	49	69	0
1175Nsremoved_gb_rename_nospace_srt_1kbtrim_dist.tab
	CR1	CR2	MM1	MM2
CR1	0	137	62	62
CR2	137	0	130	139
MM1	62	130	0	38
MM2	62	139	38	0
1179Nsremoved_gb_rename_nospace_srt_1kbtrim_dist.tab
	CR1	CR2	MM1	MM2
CR1	0	275	48	51
CR2	275	0	276	281
MM1	48	276	0	59
MM2	51	281	59	0
117Nsremoved_gb_rename_nospace_srt_1kbtrim_dist.tab
	CR1	CR2	MM1	MM2
CR1	0	10	236	211
CR2	10	0	237	212
MM1	236	237	0	147
MM2	211	212	147	0
1180Nsremoved_gb_rename_nospace_srt_1kbtrim_dist.tab
	CR1	CR2	MM1	MM2
CR1	0	228	206	221
CR2	228	0	91	77
MM1	206	91	0	80
MM2	221	77	80	0
1181Nsremoved_gb_rename_nospace_srt_1kbtrim_dist.tab
	CR1	CR2	MM1	MM2
CR1	0	188	56	109
CR2	188	0	201	186
MM1	56	201	0	102
MM2	109	186	102	0
1184Nsremoved_gb_rename_nospace_srt_1kbtrim_dist.tab
	CR1	CR2	MM1	MM2
CR1	0	123	151	189
CR2	123	0	245	270
MM1	151	245	0	160
MM2	189	270	160	0
1185Nsremoved_gb_rename_nospace_srt_1kbtrim_dist.tab
	CR1	CR2	MM1	MM2
CR1	0	124	45	24
CR2	124	0	118	120
MM1	45	118	0	38
MM2	24	120	38	0
1186Nsremoved_gb_rename_nospace_srt_1kbtrim_dist.tab
	CR1	CR2	MM1	MM2
CR1	0	520	230	259
CR2	520	0	492	513
MM1	230	492	0	255
MM2	259	513	255	0
1187Nsremoved_gb_rename_nospace_srt_1kbtrim_dist.tab
	CR1	CR2	MM1	MM2
CR1	0	181	71	55
CR2	181	0	188	192
MM1	71	188	0	79
MM2	55	192	79	0
1188Nsremoved_gb_rename_nospace_srt_1kbtrim_dist.tab
	CR1	CR2	MM1	MM2
CR1	0	59	38	33
CR2	59	0	59	52
MM1	38	59	0	33
MM2	33	52	33	0
1189Nsremoved_gb_rename_nospace_srt_1kbtrim_dist.tab
	CR1	CR2	MM1	MM2
CR1	0	213	114	134
CR2	213	0	215	224
MM1	114	215	0	118
MM2	134	224	118	0
118Nsremoved_gb_rename_nospace_srt_1kbtrim_dist.tab
	CR1	CR2	MM1	MM2
CR1	0	387	411	403
CR2	387	0	234	222
MM1	411	234	0	229
MM2	403	222	229	0
1191Nsremoved_gb_rename_nospace_srt_1kbtrim_dist.tab
	CR1	CR2	MM1	MM2
CR1	0	318	205	246
CR2	318	0	307	309
MM1	205	307	0	199
MM2	246	309	199	0
1193Nsremoved_gb_rename_nospace_srt_1kbtrim_dist.tab
	CR1	CR2	MM1	MM2
CR1	0	183	197	187
CR2	183	0	89	77
MM1	197	89	0	26
MM2	187	77	26	0
119Nsremoved_gb_rename_nospace_srt_1kbtrim_dist.tab
	CR1	CR2	MM1	MM2
CR1	0	158	47	56
CR2	158	0	146	161
MM1	47	146	0	51
MM2	56	161	51	0
11Nsremoved_gb_rename_nospace_srt_1kbtrim_dist.tab
	CR1	CR2	MM1	MM2
CR1	0	241	91	98
CR2	241	0	235	233
MM1	91	235	0	117
MM2	98	233	117	0
120Nsremoved_gb_rename_nospace_srt_1kbtrim_dist.tab
	CR1	CR2	MM1	MM2
CR1	0	240	182	152
CR2	240	0	229	236
MM1	182	229	0	155
MM2	152	236	155	0
121Nsremoved_gb_rename_nospace_srt_1kbtrim_dist.tab
	CR1	CR2	MM1	MM2
CR1	0	332	172	175
CR2	332	0	341	335
MM1	172	341	0	171
MM2	175	335	171	0
124Nsremoved_gb_rename_nospace_srt_1kbtrim_dist.tab
	CR1	CR2	MM1	MM2
CR1	0	183	86	128
CR2	183	0	166	174
MM1	86	166	0	86
MM2	128	174	86	0
125Nsremoved_gb_rename_nospace_srt_1kbtrim_dist.tab
	CR1	CR2	MM1	MM2
CR1	0	215	135	110
CR2	215	0	258	239
MM1	135	258	0	93
MM2	110	239	93	0
126Nsremoved_gb_rename_nospace_srt_1kbtrim_dist.tab
	CR1	CR2	MM1	MM2
CR1	0	205	98	96
CR2	205	0	188	195
MM1	98	188	0	88
MM2	96	195	88	0
134Nsremoved_gb_rename_nospace_srt_1kbtrim_dist.tab
	CR1	CR2	MM1	MM2
CR1	0	5	248	243
CR2	5	0	253	248
MM1	248	253	0	118
MM2	243	248	118	0
135Nsremoved_gb_rename_nospace_srt_1kbtrim_dist.tab
	CR1	CR2	MM1	MM2
CR1	0	0	307	320
CR2	0	0	307	320
MM1	307	307	0	165
MM2	320	320	165	0
136Nsremoved_gb_rename_nospace_srt_1kbtrim_dist.tab
	CR1	CR2	MM1	MM2
CR1	0	325	209	184
CR2	325	0	327	328
MM1	209	327	0	180
MM2	184	328	180	0
137Nsremoved_gb_rename_nospace_srt_1kbtrim_dist.tab
	CR1	CR2	MM1	MM2
CR1	0	196	72	80
CR2	196	0	199	191
MM1	72	199	0	79
MM2	80	191	79	0
142Nsremoved_gb_rename_nospace_srt_1kbtrim_dist.tab
	CR1	CR2	MM1	MM2
CR1	0	225	217	220
CR2	225	0	77	88
MM1	217	77	0	36
MM2	220	88	36	0
146Nsremoved_gb_rename_nospace_srt_1kbtrim_dist.tab
	CR1	CR2	MM1	MM2
CR1	0	215	198	202
CR2	215	0	241	234
MM1	198	241	0	123
MM2	202	234	123	0
147Nsremoved_gb_rename_nospace_srt_1kbtrim_dist.tab
	CR1	CR2	MM1	MM2
CR1	0	157	92	90
CR2	157	0	137	127
MM1	92	137	0	56
MM2	90	127	56	0
148Nsremoved_gb_rename_nospace_srt_1kbtrim_dist.tab
	CR1	CR2	MM1	MM2
CR1	0	299	105	118
CR2	299	0	285	300
MM1	105	285	0	114
MM2	118	300	114	0
150Nsremoved_gb_rename_nospace_srt_1kbtrim_dist.tab
	CR1	CR2	MM1	MM2
CR1	0	264	249	263
CR2	264	0	143	164
MM1	249	143	0	131
MM2	263	164	131	0
151Nsremoved_gb_rename_nospace_srt_1kbtrim_dist.tab
	CR1	CR2	MM1	MM2
CR1	0	347	136	127
CR2	347	0	352	362
MM1	136	352	0	156
MM2	127	362	156	0
152Nsremoved_gb_rename_nospace_srt_1kbtrim_dist.tab
	CR1	CR2	MM1	MM2
CR1	0	312	144	163
CR2	312	0	316	335
MM1	144	316	0	143
MM2	163	335	143	0
155Nsremoved_gb_rename_nospace_srt_1kbtrim_dist.tab
	CR1	CR2	MM1	MM2
CR1	0	308	69	166
CR2	308	0	320	336
MM1	69	320	0	141
MM2	166	336	141	0
156Nsremoved_gb_rename_nospace_srt_1kbtrim_dist.tab
	CR1	CR2	MM1	MM2
CR1	0	363	372	339
CR2	363	0	245	206
MM1	372	245	0	189
MM2	339	206	189	0
158Nsremoved_gb_rename_nospace_srt_1kbtrim_dist.tab
	CR1	CR2	MM1	MM2
CR1	0	232	74	14
CR2	232	0	244	236
MM1	74	244	0	75
MM2	14	236	75	0
159Nsremoved_gb_rename_nospace_srt_1kbtrim_dist.tab
	CR1	CR2	MM1	MM2
CR1	0	388	369	354
CR2	388	0	162	165
MM1	369	162	0	137
MM2	354	165	137	0
160Nsremoved_gb_rename_nospace_srt_1kbtrim_dist.tab
	CR1	CR2	MM1	MM2
CR1	0	273	185	164
CR2	273	0	276	251
MM1	185	276	0	174
MM2	164	251	174	0
162Nsremoved_gb_rename_nospace_srt_1kbtrim_dist.tab
	CR1	CR2	MM1	MM2
CR1	0	171	106	98
CR2	171	0	170	165
MM1	106	170	0	97
MM2	98	165	97	0
163Nsremoved_gb_rename_nospace_srt_1kbtrim_dist.tab
	CR1	CR2	MM1	MM2
CR1	0	92	220	188
CR2	92	0	258	211
MM1	220	258	0	186
MM2	188	211	186	0
164Nsremoved_gb_rename_nospace_srt_1kbtrim_dist.tab
	CR1	CR2	MM1	MM2
CR1	0	166	46	42
CR2	166	0	156	162
MM1	46	156	0	44
MM2	42	162	44	0
165Nsremoved_gb_rename_nospace_srt_1kbtrim_dist.tab
	CR1	CR2	MM1	MM2
CR1	0	197	94	68
CR2	197	0	187	198
MM1	94	187	0	94
MM2	68	198	94	0
166Nsremoved_gb_rename_nospace_srt_1kbtrim_dist.tab
	CR1	CR2	MM1	MM2
CR1	0	444	205	191
CR2	444	0	467	470
MM1	205	467	0	188
MM2	191	470	188	0
167Nsremoved_gb_rename_nospace_srt_1kbtrim_dist.tab
	CR1	CR2	MM1	MM2
CR1	0	294	180	148
CR2	294	0	321	306
MM1	180	321	0	192
MM2	148	306	192	0
168Nsremoved_gb_rename_nospace_srt_1kbtrim_dist.tab
	CR1	CR2	MM1	MM2
CR1	0	168	77	75
CR2	168	0	161	176
MM1	77	161	0	85
MM2	75	176	85	0
16Nsremoved_gb_rename_nospace_srt_1kbtrim_dist.tab
	CR1	CR2	MM1	MM2
CR1	0	333	129	159
CR2	333	0	319	322
MM1	129	319	0	153
MM2	159	322	153	0
170Nsremoved_gb_rename_nospace_srt_1kbtrim_dist.tab
	CR1	CR2	MM1	MM2
CR1	0	350	149	170
CR2	350	0	381	380
MM1	149	381	0	141
MM2	170	380	141	0
171Nsremoved_gb_rename_nospace_srt_1kbtrim_dist.tab
	CR1	CR2	MM1	MM2
CR1	0	124	420	454
CR2	124	0	383	399
MM1	420	383	0	258
MM2	454	399	258	0
172Nsremoved_gb_rename_nospace_srt_1kbtrim_dist.tab
	CR1	CR2	MM1	MM2
CR1	0	234	97	93
CR2	234	0	229	220
MM1	97	229	0	96
MM2	93	220	96	0
174Nsremoved_gb_rename_nospace_srt_1kbtrim_dist.tab
	CR1	CR2	MM1	MM2
CR1	0	278	228	207
CR2	278	0	316	299
MM1	228	316	0	172
MM2	207	299	172	0
175Nsremoved_gb_rename_nospace_srt_1kbtrim_dist.tab
	CR1	CR2	MM1	MM2
CR1	0	325	161	159
CR2	325	0	320	328
MM1	161	320	0	133
MM2	159	328	133	0
179Nsremoved_gb_rename_nospace_srt_1kbtrim_dist.tab
	CR1	CR2	MM1	MM2
CR1	0	202	108	88
CR2	202	0	216	200
MM1	108	216	0	101
MM2	88	200	101	0
180Nsremoved_gb_rename_nospace_srt_1kbtrim_dist.tab
	CR1	CR2	MM1	MM2
CR1	0	166	74	67
CR2	166	0	155	154
MM1	74	155	0	73
MM2	67	154	73	0
181Nsremoved_gb_rename_nospace_srt_1kbtrim_dist.tab
	CR1	CR2	MM1	MM2
CR1	0	315	167	160
CR2	315	0	334	304
MM1	167	334	0	138
MM2	160	304	138	0
183Nsremoved_gb_rename_nospace_srt_1kbtrim_dist.tab
	CR1	CR2	MM1	MM2
CR1	0	373	166	44
CR2	373	0	380	372
MM1	166	380	0	154
MM2	44	372	154	0
185Nsremoved_gb_rename_nospace_srt_1kbtrim_dist.tab
	CR1	CR2	MM1	MM2
CR1	0	270	161	168
CR2	270	0	251	262
MM1	161	251	0	129
MM2	168	262	129	0
186Nsremoved_gb_rename_nospace_srt_1kbtrim_dist.tab
	CR1	CR2	MM1	MM2
CR1	0	276	146	92
CR2	276	0	272	276
MM1	146	272	0	126
MM2	92	276	126	0
187Nsremoved_gb_rename_nospace_srt_1kbtrim_dist.tab
	CR1	CR2	MM1	MM2
CR1	0	339	235	192
CR2	339	0	351	349
MM1	235	351	0	178
MM2	192	349	178	0
188Nsremoved_gb_rename_nospace_srt_1kbtrim_dist.tab
	CR1	CR2	MM1	MM2
CR1	0	324	134	151
CR2	324	0	314	324
MM1	134	314	0	138
MM2	151	324	138	0
189Nsremoved_gb_rename_nospace_srt_1kbtrim_dist.tab
	CR1	CR2	MM1	MM2
CR1	0	105	137	125
CR2	105	0	91	88
MM1	137	91	0	67
MM2	125	88	67	0
18Nsremoved_gb_rename_nospace_srt_1kbtrim_dist.tab
	CR1	CR2	MM1	MM2
CR1	0	274	188	168
CR2	274	0	253	271
MM1	188	253	0	179
MM2	168	271	179	0
195Nsremoved_gb_rename_nospace_srt_1kbtrim_dist.tab
	CR1	CR2	MM1	MM2
CR1	0	271	140	111
CR2	271	0	288	281
MM1	140	288	0	151
MM2	111	281	151	0
196Nsremoved_gb_rename_nospace_srt_1kbtrim_dist.tab
	CR1	CR2	MM1	MM2
CR1	0	478	323	302
CR2	478	0	469	453
MM1	323	469	0	222
MM2	302	453	222	0
198Nsremoved_gb_rename_nospace_srt_1kbtrim_dist.tab
	CR1	CR2	MM1	MM2
CR1	0	419	376	392
CR2	419	0	250	251
MM1	376	250	0	202
MM2	392	251	202	0
200Nsremoved_gb_rename_nospace_srt_1kbtrim_dist.tab
	CR1	CR2	MM1	MM2
CR1	0	123	75	76
CR2	123	0	74	75
MM1	75	74	0	21
MM2	76	75	21	0
201Nsremoved_gb_rename_nospace_srt_1kbtrim_dist.tab
	CR1	CR2	MM1	MM2
CR1	0	453	204	196
CR2	453	0	468	441
MM1	204	468	0	192
MM2	196	441	192	0
206Nsremoved_gb_rename_nospace_srt_1kbtrim_dist.tab
	CR1	CR2	MM1	MM2
CR1	0	516	482	519
CR2	516	0	198	215
MM1	482	198	0	179
MM2	519	215	179	0
209Nsremoved_gb_rename_nospace_srt_1kbtrim_dist.tab
	CR1	CR2	MM1	MM2
CR1	0	239	152	156
CR2	239	0	233	241
MM1	152	233	0	163
MM2	156	241	163	0
20Nsremoved_gb_rename_nospace_srt_1kbtrim_dist.tab
	CR1	CR2	MM1	MM2
CR1	0	143	49	66
CR2	143	0	140	141
MM1	49	140	0	71
MM2	66	141	71	0
211Nsremoved_gb_rename_nospace_srt_1kbtrim_dist.tab
	CR1	CR2	MM1	MM2
CR1	0	115	123	122
CR2	115	0	54	51
MM1	123	54	0	65
MM2	122	51	65	0
213Nsremoved_gb_rename_nospace_srt_1kbtrim_dist.tab
	CR1	CR2	MM1	MM2
CR1	0	207	130	110
CR2	207	0	219	209
MM1	130	219	0	133
MM2	110	209	133	0
214Nsremoved_gb_rename_nospace_srt_1kbtrim_dist.tab
	CR1	CR2	MM1	MM2
CR1	0	306	292	302
CR2	306	0	222	65
MM1	292	222	0	246
MM2	302	65	246	0
215Nsremoved_gb_rename_nospace_srt_1kbtrim_dist.tab
	CR1	CR2	MM1	MM2
CR1	0	250	242	248
CR2	250	0	114	147
MM1	242	114	0	166
MM2	248	147	166	0
216Nsremoved_gb_rename_nospace_srt_1kbtrim_dist.tab
	CR1	CR2	MM1	MM2
CR1	0	178	99	93
CR2	178	0	176	189
MM1	99	176	0	114
MM2	93	189	114	0
218Nsremoved_gb_rename_nospace_srt_1kbtrim_dist.tab
	CR1	CR2	MM1	MM2
CR1	0	221	69	66
CR2	221	0	219	222
MM1	69	219	0	72
MM2	66	222	72	0
219Nsremoved_gb_rename_nospace_srt_1kbtrim_dist.tab
	CR1	CR2	MM1	MM2
CR1	0	159	122	132
CR2	159	0	185	191
MM1	122	185	0	24
MM2	132	191	24	0
21Nsremoved_gb_rename_nospace_srt_1kbtrim_dist.tab
	CR1	CR2	MM1	MM2
CR1	0	309	295	319
CR2	309	0	143	117
MM1	295	143	0	131
MM2	319	117	131	0
222Nsremoved_gb_rename_nospace_srt_1kbtrim_dist.tab
	CR1	CR2	MM1	MM2
CR1	0	186	92	108
CR2	186	0	194	190
MM1	92	194	0	86
MM2	108	190	86	0
223Nsremoved_gb_rename_nospace_srt_1kbtrim_dist.tab
	CR1	CR2	MM1	MM2
CR1	0	218	231	222
CR2	218	0	118	109
MM1	231	118	0	143
MM2	222	109	143	0
229Nsremoved_gb_rename_nospace_srt_1kbtrim_dist.tab
	CR1	CR2	MM1	MM2
CR1	0	202	206	206
CR2	202	0	89	70
MM1	206	89	0	91
MM2	206	70	91	0
22Nsremoved_gb_rename_nospace_srt_1kbtrim_dist.tab
	CR1	CR2	MM1	MM2
CR1	0	85	80	82
CR2	85	0	136	140
MM1	80	136	0	47
MM2	82	140	47	0
231Nsremoved_gb_rename_nospace_srt_1kbtrim_dist.tab
	CR1	CR2	MM1	MM2
CR1	0	130	113	105
CR2	130	0	147	145
MM1	113	147	0	94
MM2	105	145	94	0
233Nsremoved_gb_rename_nospace_srt_1kbtrim_dist.tab
	CR1	CR2	MM1	MM2
CR1	0	400	198	250
CR2	400	0	383	392
MM1	198	383	0	212
MM2	250	392	212	0
234Nsremoved_gb_rename_nospace_srt_1kbtrim_dist.tab
	CR1	CR2	MM1	MM2
CR1	0	254	244	234
CR2	254	0	118	113
MM1	244	118	0	93
MM2	234	113	93	0
236Nsremoved_gb_rename_nospace_srt_1kbtrim_dist.tab
	CR1	CR2	MM1	MM2
CR1	0	274	133	100
CR2	274	0	276	270
MM1	133	276	0	159
MM2	100	270	159	0
239Nsremoved_gb_rename_nospace_srt_1kbtrim_dist.tab
	CR1	CR2	MM1	MM2
CR1	0	235	239	243
CR2	235	0	129	95
MM1	239	129	0	122
MM2	243	95	122	0
241Nsremoved_gb_rename_nospace_srt_1kbtrim_dist.tab
	CR1	CR2	MM1	MM2
CR1	0	350	227	219
CR2	350	0	368	366
MM1	227	368	0	40
MM2	219	366	40	0
242Nsremoved_gb_rename_nospace_srt_1kbtrim_dist.tab
	CR1	CR2	MM1	MM2
CR1	0	70	61	41
CR2	70	0	74	74
MM1	61	74	0	37
MM2	41	74	37	0
243Nsremoved_gb_rename_nospace_srt_1kbtrim_dist.tab
	CR1	CR2	MM1	MM2
CR1	0	19	2	5
CR2	19	0	19	20
MM1	2	19	0	3
MM2	5	20	3	0
244Nsremoved_gb_rename_nospace_srt_1kbtrim_dist.tab
	CR1	CR2	MM1	MM2
CR1	0	11	166	167
CR2	11	0	159	162
MM1	166	159	0	69
MM2	167	162	69	0
245Nsremoved_gb_rename_nospace_srt_1kbtrim_dist.tab
	CR1	CR2	MM1	MM2
CR1	0	28	67	65
CR2	28	0	75	79
MM1	67	75	0	66
MM2	65	79	66	0
246Nsremoved_gb_rename_nospace_srt_1kbtrim_dist.tab
	CR1	CR2	MM1	MM2
CR1	0	205	75	81
CR2	205	0	196	203
MM1	75	196	0	84
MM2	81	203	84	0
247Nsremoved_gb_rename_nospace_srt_1kbtrim_dist.tab
	CR1	CR2	MM1	MM2
CR1	0	228	214	217
CR2	228	0	84	89
MM1	214	84	0	113
MM2	217	89	113	0
24Nsremoved_gb_rename_nospace_srt_1kbtrim_dist.tab
	CR1	CR2	MM1	MM2
CR1	0	262	148	102
CR2	262	0	260	244
MM1	148	260	0	132
MM2	102	244	132	0
250Nsremoved_gb_rename_nospace_srt_1kbtrim_dist.tab
	CR1	CR2	MM1	MM2
CR1	0	166	93	83
CR2	166	0	161	171
MM1	93	161	0	94
MM2	83	171	94	0
251Nsremoved_gb_rename_nospace_srt_1kbtrim_dist.tab
	CR1	CR2	MM1	MM2
CR1	0	210	80	98
CR2	210	0	205	211
MM1	80	205	0	98
MM2	98	211	98	0
253Nsremoved_gb_rename_nospace_srt_1kbtrim_dist.tab
	CR1	CR2	MM1	MM2
CR1	0	162	161	166
CR2	162	0	1	80
MM1	161	1	0	79
MM2	166	80	79	0
254Nsremoved_gb_rename_nospace_srt_1kbtrim_dist.tab
	CR1	CR2	MM1	MM2
CR1	0	672	226	226
CR2	672	0	693	693
MM1	226	693	0	0
MM2	226	693	0	0
255Nsremoved_gb_rename_nospace_srt_1kbtrim_dist.tab
	CR1	CR2	MM1	MM2
CR1	0	374	151	151
CR2	374	0	377	377
MM1	151	377	0	0
MM2	151	377	0	0
256Nsremoved_gb_rename_nospace_srt_1kbtrim_dist.tab
	CR1	CR2	MM1	MM2
CR1	0	300	167	175
CR2	300	0	302	283
MM1	167	302	0	154
MM2	175	283	154	0
258Nsremoved_gb_rename_nospace_srt_1kbtrim_dist.tab
	CR1	CR2	MM1	MM2
CR1	0	201	223	200
CR2	201	0	82	3
MM1	223	82	0	79
MM2	200	3	79	0
259Nsremoved_gb_rename_nospace_srt_1kbtrim_dist.tab
	CR1	CR2	MM1	MM2
CR1	0	185	141	101
CR2	185	0	201	169
MM1	141	201	0	141
MM2	101	169	141	0
25Nsremoved_gb_rename_nospace_srt_1kbtrim_dist.tab
	CR1	CR2	MM1	MM2
CR1	0	79	115	47
CR2	79	0	165	103
MM1	115	165	0	103
MM2	47	103	103	0
261Nsremoved_gb_rename_nospace_srt_1kbtrim_dist.tab
	CR1	CR2	MM1	MM2
CR1	0	166	154	161
CR2	166	0	74	102
MM1	154	74	0	85
MM2	161	102	85	0
262Nsremoved_gb_rename_nospace_srt_1kbtrim_dist.tab
	CR1	CR2	MM1	MM2
CR1	0	6	25	37
CR2	6	0	29	41
MM1	25	29	0	39
MM2	37	41	39	0
265Nsremoved_gb_rename_nospace_srt_1kbtrim_dist.tab
	CR1	CR2	MM1	MM2
CR1	0	170	70	88
CR2	170	0	155	167
MM1	70	155	0	94
MM2	88	167	94	0
26Nsremoved_gb_rename_nospace_srt_1kbtrim_dist.tab
	CR1	CR2	MM1	MM2
CR1	0	307	141	186
CR2	307	0	311	308
MM1	141	311	0	134
MM2	186	308	134	0
270Nsremoved_gb_rename_nospace_srt_1kbtrim_dist.tab
	CR1	CR2	MM1	MM2
CR1	0	183	148	141
CR2	183	0	201	194
MM1	148	201	0	121
MM2	141	194	121	0
272Nsremoved_gb_rename_nospace_srt_1kbtrim_dist.tab
	CR1	CR2	MM1	MM2
CR1	0	207	217	220
CR2	207	0	89	113
MM1	217	89	0	105
MM2	220	113	105	0
275Nsremoved_gb_rename_nospace_srt_1kbtrim_dist.tab
	CR1	CR2	MM1	MM2
CR1	0	176	109	88
CR2	176	0	178	179
MM1	109	178	0	98
MM2	88	179	98	0
277Nsremoved_gb_rename_nospace_srt_1kbtrim_dist.tab
	CR1	CR2	MM1	MM2
CR1	0	461	70	100
CR2	461	0	453	451
MM1	70	453	0	152
MM2	100	451	152	0
281Nsremoved_gb_rename_nospace_srt_1kbtrim_dist.tab
	CR1	CR2	MM1	MM2
CR1	0	346	173	173
CR2	346	0	330	330
MM1	173	330	0	0
MM2	173	330	0	0
282Nsremoved_gb_rename_nospace_srt_1kbtrim_dist.tab
	CR1	CR2	MM1	MM2
CR1	0	209	197	245
CR2	209	0	115	185
MM1	197	115	0	178
MM2	245	185	178	0
283Nsremoved_gb_rename_nospace_srt_1kbtrim_dist.tab
	CR1	CR2	MM1	MM2
CR1	0	326	127	108
CR2	326	0	315	322
MM1	127	315	0	102
MM2	108	322	102	0
285Nsremoved_gb_rename_nospace_srt_1kbtrim_dist.tab
	CR1	CR2	MM1	MM2
CR1	0	22	95	108
CR2	22	0	87	98
MM1	95	87	0	87
MM2	108	98	87	0
287Nsremoved_gb_rename_nospace_srt_1kbtrim_dist.tab
	CR1	CR2	MM1	MM2
CR1	0	331	212	189
CR2	331	0	360	326
MM1	212	360	0	219
MM2	189	326	219	0
288Nsremoved_gb_rename_nospace_srt_1kbtrim_dist.tab
	CR1	CR2	MM1	MM2
CR1	0	228	135	142
CR2	228	0	222	225
MM1	135	222	0	129
MM2	142	225	129	0
289Nsremoved_gb_rename_nospace_srt_1kbtrim_dist.tab
	CR1	CR2	MM1	MM2
CR1	0	264	113	7
CR2	264	0	245	267
MM1	113	245	0	106
MM2	7	267	106	0
28Nsremoved_gb_rename_nospace_srt_1kbtrim_dist.tab
	CR1	CR2	MM1	MM2
CR1	0	15	129	168
CR2	15	0	116	155
MM1	129	116	0	105
MM2	168	155	105	0
293Nsremoved_gb_rename_nospace_srt_1kbtrim_dist.tab
	CR1	CR2	MM1	MM2
CR1	0	257	267	269
CR2	257	0	150	140
MM1	267	150	0	82
MM2	269	140	82	0
294Nsremoved_gb_rename_nospace_srt_1kbtrim_dist.tab
	CR1	CR2	MM1	MM2
CR1	0	39	227	200
CR2	39	0	222	193
MM1	227	222	0	170
MM2	200	193	170	0
295Nsremoved_gb_rename_nospace_srt_1kbtrim_dist.tab
	CR1	CR2	MM1	MM2
CR1	0	97	44	0
CR2	97	0	101	97
MM1	44	101	0	44
MM2	0	97	44	0
296Nsremoved_gb_rename_nospace_srt_1kbtrim_dist.tab
	CR1	CR2	MM1	MM2
CR1	0	170	76	101
CR2	170	0	176	182
MM1	76	176	0	82
MM2	101	182	82	0
297Nsremoved_gb_rename_nospace_srt_1kbtrim_dist.tab
	CR1	CR2	MM1	MM2
CR1	0	242	172	137
CR2	242	0	246	232
MM1	172	246	0	194
MM2	137	232	194	0
298Nsremoved_gb_rename_nospace_srt_1kbtrim_dist.tab
	CR1	CR2	MM1	MM2
CR1	0	265	152	154
CR2	265	0	271	275
MM1	152	271	0	100
MM2	154	275	100	0
299Nsremoved_gb_rename_nospace_srt_1kbtrim_dist.tab
	CR1	CR2	MM1	MM2
CR1	0	145	256	217
CR2	145	0	185	123
MM1	256	185	0	161
MM2	217	123	161	0
29Nsremoved_gb_rename_nospace_srt_1kbtrim_dist.tab
	CR1	CR2	MM1	MM2
CR1	0	903	713	859
CR2	903	0	719	689
MM1	713	719	0	626
MM2	859	689	626	0
301Nsremoved_gb_rename_nospace_srt_1kbtrim_dist.tab
	CR1	CR2	MM1	MM2
CR1	0	1	203	167
CR2	1	0	202	166
MM1	203	202	0	143
MM2	167	166	143	0
302Nsremoved_gb_rename_nospace_srt_1kbtrim_dist.tab
	CR1	CR2	MM1	MM2
CR1	0	65	334	329
CR2	65	0	284	284
MM1	334	284	0	190
MM2	329	284	190	0
303Nsremoved_gb_rename_nospace_srt_1kbtrim_dist.tab
	CR1	CR2	MM1	MM2
CR1	0	165	70	72
CR2	165	0	169	166
MM1	70	169	0	86
MM2	72	166	86	0
304Nsremoved_gb_rename_nospace_srt_1kbtrim_dist.tab
	CR1	CR2	MM1	MM2
CR1	0	52	235	230
CR2	52	0	233	226
MM1	235	233	0	126
MM2	230	226	126	0
306Nsremoved_gb_rename_nospace_srt_1kbtrim_dist.tab
	CR1	CR2	MM1	MM2
CR1	0	203	100	114
CR2	203	0	184	183
MM1	100	184	0	87
MM2	114	183	87	0
309Nsremoved_gb_rename_nospace_srt_1kbtrim_dist.tab
	CR1	CR2	MM1	MM2
CR1	0	248	136	107
CR2	248	0	240	257
MM1	136	240	0	85
MM2	107	257	85	0
311Nsremoved_gb_rename_nospace_srt_1kbtrim_dist.tab
	CR1	CR2	MM1	MM2
CR1	0	229	233	224
CR2	229	0	70	54
MM1	233	70	0	66
MM2	224	54	66	0
322Nsremoved_gb_rename_nospace_srt_1kbtrim_dist.tab
	CR1	CR2	MM1	MM2
CR1	0	229	91	101
CR2	229	0	211	218
MM1	91	211	0	87
MM2	101	218	87	0
325Nsremoved_gb_rename_nospace_srt_1kbtrim_dist.tab
	CR1	CR2	MM1	MM2
CR1	0	177	49	48
CR2	177	0	150	156
MM1	49	150	0	19
MM2	48	156	19	0
326Nsremoved_gb_rename_nospace_srt_1kbtrim_dist.tab
	CR1	CR2	MM1	MM2
CR1	0	167	69	71
CR2	167	0	171	179
MM1	69	171	0	84
MM2	71	179	84	0
328Nsremoved_gb_rename_nospace_srt_1kbtrim_dist.tab
	CR1	CR2	MM1	MM2
CR1	0	273	94	99
CR2	273	0	285	268
MM1	94	285	0	113
MM2	99	268	113	0
329Nsremoved_gb_rename_nospace_srt_1kbtrim_dist.tab
	CR1	CR2	MM1	MM2
CR1	0	229	70	65
CR2	229	0	217	218
MM1	70	217	0	62
MM2	65	218	62	0
32Nsremoved_gb_rename_nospace_srt_1kbtrim_dist.tab
	CR1	CR2	MM1	MM2
CR1	0	167	187	197
CR2	167	0	222	235
MM1	187	222	0	185
MM2	197	235	185	0
330Nsremoved_gb_rename_nospace_srt_1kbtrim_dist.tab
	CR1	CR2	MM1	MM2
CR1	0	324	383	392
CR2	324	0	190	189
MM1	383	190	0	97
MM2	392	189	97	0
331Nsremoved_gb_rename_nospace_srt_1kbtrim_dist.tab
	CR1	CR2	MM1	MM2
CR1	0	322	138	137
CR2	322	0	300	310
MM1	138	300	0	138
MM2	137	310	138	0
332Nsremoved_gb_rename_nospace_srt_1kbtrim_dist.tab
	CR1	CR2	MM1	MM2
CR1	0	298	302	270
CR2	298	0	167	166
MM1	302	167	0	153
MM2	270	166	153	0
333Nsremoved_gb_rename_nospace_srt_1kbtrim_dist.tab
	CR1	CR2	MM1	MM2
CR1	0	156	80	85
CR2	156	0	159	156
MM1	80	159	0	77
MM2	85	156	77	0
334Nsremoved_gb_rename_nospace_srt_1kbtrim_dist.tab
	CR1	CR2	MM1	MM2
CR1	0	289	117	185
CR2	289	0	296	289
MM1	117	296	0	172
MM2	185	289	172	0
336Nsremoved_gb_rename_nospace_srt_1kbtrim_dist.tab
	CR1	CR2	MM1	MM2
CR1	0	63	23	20
CR2	63	0	69	71
MM1	23	69	0	27
MM2	20	71	27	0
337Nsremoved_gb_rename_nospace_srt_1kbtrim_dist.tab
	CR1	CR2	MM1	MM2
CR1	0	331	342	357
CR2	331	0	167	110
MM1	342	167	0	205
MM2	357	110	205	0
338Nsremoved_gb_rename_nospace_srt_1kbtrim_dist.tab
	CR1	CR2	MM1	MM2
CR1	0	269	174	155
CR2	269	0	269	260
MM1	174	269	0	149
MM2	155	260	149	0
33Nsremoved_gb_rename_nospace_srt_1kbtrim_dist.tab
	CR1	CR2	MM1	MM2
CR1	0	456	201	195
CR2	456	0	489	465
MM1	201	489	0	187
MM2	195	465	187	0
343Nsremoved_gb_rename_nospace_srt_1kbtrim_dist.tab
	CR1	CR2	MM1	MM2
CR1	0	256	274	268
CR2	256	0	120	129
MM1	274	120	0	115
MM2	268	129	115	0
345Nsremoved_gb_rename_nospace_srt_1kbtrim_dist.tab
	CR1	CR2	MM1	MM2
CR1	0	271	104	127
CR2	271	0	280	274
MM1	104	280	0	137
MM2	127	274	137	0
346Nsremoved_gb_rename_nospace_srt_1kbtrim_dist.tab
	CR1	CR2	MM1	MM2
CR1	0	278	302	268
CR2	278	0	149	148
MM1	302	149	0	193
MM2	268	148	193	0
347Nsremoved_gb_rename_nospace_srt_1kbtrim_dist.tab
	CR1	CR2	MM1	MM2
CR1	0	302	303	294
CR2	302	0	154	193
MM1	303	154	0	184
MM2	294	193	184	0
348Nsremoved_gb_rename_nospace_srt_1kbtrim_dist.tab
	CR1	CR2	MM1	MM2
CR1	0	354	364	364
CR2	354	0	172	172
MM1	364	172	0	0
MM2	364	172	0	0
34Nsremoved_gb_rename_nospace_srt_1kbtrim_dist.tab
	CR1	CR2	MM1	MM2
CR1	0	357	228	238
CR2	357	0	340	326
MM1	228	340	0	187
MM2	238	326	187	0
352Nsremoved_gb_rename_nospace_srt_1kbtrim_dist.tab
	CR1	CR2	MM1	MM2
CR1	0	16	131	152
CR2	16	0	115	136
MM1	131	115	0	73
MM2	152	136	73	0
353Nsremoved_gb_rename_nospace_srt_1kbtrim_dist.tab
	CR1	CR2	MM1	MM2
CR1	0	0	347	347
CR2	0	0	347	347
MM1	347	347	0	153
MM2	347	347	153	0
354Nsremoved_gb_rename_nospace_srt_1kbtrim_dist.tab
	CR1	CR2	MM1	MM2
CR1	0	414	232	285
CR2	414	0	401	383
MM1	232	401	0	218
MM2	285	383	218	0
355Nsremoved_gb_rename_nospace_srt_1kbtrim_dist.tab
	CR1	CR2	MM1	MM2
CR1	0	407	188	205
CR2	407	0	379	419
MM1	188	379	0	240
MM2	205	419	240	0
356Nsremoved_gb_rename_nospace_srt_1kbtrim_dist.tab
	CR1	CR2	MM1	MM2
CR1	0	117	25	37
CR2	117	0	114	117
MM1	25	114	0	26
MM2	37	117	26	0
358Nsremoved_gb_rename_nospace_srt_1kbtrim_dist.tab
	CR1	CR2	MM1	MM2
CR1	0	140	69	86
CR2	140	0	135	142
MM1	69	135	0	80
MM2	86	142	80	0
359Nsremoved_gb_rename_nospace_srt_1kbtrim_dist.tab
	CR1	CR2	MM1	MM2
CR1	0	163	97	0
CR2	163	0	170	163
MM1	97	170	0	97
MM2	0	163	97	0
35Nsremoved_gb_rename_nospace_srt_1kbtrim_dist.tab
	CR1	CR2	MM1	MM2
CR1	0	190	116	116
CR2	190	0	194	194
MM1	116	194	0	0
MM2	116	194	0	0
360Nsremoved_gb_rename_nospace_srt_1kbtrim_dist.tab
	CR1	CR2	MM1	MM2
CR1	0	255	100	0
CR2	255	0	258	255
MM1	100	258	0	100
MM2	0	255	100	0
361Nsremoved_gb_rename_nospace_srt_1kbtrim_dist.tab
	CR1	CR2	MM1	MM2
CR1	0	267	144	190
CR2	267	0	243	283
MM1	144	243	0	182
MM2	190	283	182	0
366Nsremoved_gb_rename_nospace_srt_1kbtrim_dist.tab
	CR1	CR2	MM1	MM2
CR1	0	190	85	103
CR2	190	0	211	201
MM1	85	211	0	119
MM2	103	201	119	0
368Nsremoved_gb_rename_nospace_srt_1kbtrim_dist.tab
	CR1	CR2	MM1	MM2
CR1	0	255	273	250
CR2	255	0	115	130
MM1	273	115	0	134
MM2	250	130	134	0
369Nsremoved_gb_rename_nospace_srt_1kbtrim_dist.tab
	CR1	CR2	MM1	MM2
CR1	0	261	154	131
CR2	261	0	255	254
MM1	154	255	0	166
MM2	131	254	166	0
36Nsremoved_gb_rename_nospace_srt_1kbtrim_dist.tab
	CR1	CR2	MM1	MM2
CR1	0	393	197	204
CR2	393	0	396	379
MM1	197	396	0	180
MM2	204	379	180	0
373Nsremoved_gb_rename_nospace_srt_1kbtrim_dist.tab
	CR1	CR2	MM1	MM2
CR1	0	148	148	154
CR2	148	0	0	73
MM1	148	0	0	73
MM2	154	73	73	0
375Nsremoved_gb_rename_nospace_srt_1kbtrim_dist.tab
	CR1	CR2	MM1	MM2
CR1	0	8	192	207
CR2	8	0	184	199
MM1	192	184	0	111
MM2	207	199	111	0
378Nsremoved_gb_rename_nospace_srt_1kbtrim_dist.tab
	CR1	CR2	MM1	MM2
CR1	0	402	224	214
CR2	402	0	409	408
MM1	224	409	0	187
MM2	214	408	187	0
380Nsremoved_gb_rename_nospace_srt_1kbtrim_dist.tab
	CR1	CR2	MM1	MM2
CR1	0	521	212	211
CR2	521	0	551	550
MM1	212	551	0	1
MM2	211	550	1	0
381Nsremoved_gb_rename_nospace_srt_1kbtrim_dist.tab
	CR1	CR2	MM1	MM2
CR1	0	228	0	91
CR2	228	0	228	211
MM1	0	228	0	91
MM2	91	211	91	0
383Nsremoved_gb_rename_nospace_srt_1kbtrim_dist.tab
	CR1	CR2	MM1	MM2
CR1	0	229	276	274
CR2	229	0	168	136
MM1	276	168	0	138
MM2	274	136	138	0
385Nsremoved_gb_rename_nospace_srt_1kbtrim_dist.tab
	CR1	CR2	MM1	MM2
CR1	0	63	2325	2322
CR2	63	0	2328	2325
MM1	2325	2328	0	54
MM2	2322	2325	54	0
387Nsremoved_gb_rename_nospace_srt_1kbtrim_dist.tab
	CR1	CR2	MM1	MM2
CR1	0	423	413	395
CR2	423	0	135	171
MM1	413	135	0	155
MM2	395	171	155	0
388Nsremoved_gb_rename_nospace_srt_1kbtrim_dist.tab
	CR1	CR2	MM1	MM2
CR1	0	191	54	64
CR2	191	0	184	193
MM1	54	184	0	58
MM2	64	193	58	0
389Nsremoved_gb_rename_nospace_srt_1kbtrim_dist.tab
	CR1	CR2	MM1	MM2
CR1	0	280	271	277
